(1,1),(2,2),(5,4),(3,3),(4,5);
(1,4),(2,2),(4,1),(5,3),(3,5);
(1,7),(3,1),(2,6),(4,4),(7,2),(5,5),(6,3);
(1,2),(5,1),(7,3),(6,7),(3,6),(4,4),(2,5);
(9,10),(4,2),(3,3),(1,4),(5,1),(6,5),(11,9),(7,6),(8,8),(10,11),(2,7);
(3,11),(1,9),(2,3),(5,4),(8,8),(7,6),(9,7),(6,5),(4,2),(10,1),(11,10);
(1,4),(8,8),(4,6),(12,12),(3,2),(13,13),(7,3),(6,1),(14,14),(16,7),(15,15),(17,17),(10,11),(11,16),(9,10),(2,5),(5,9);
(1,2),(15,1),(12,6),(8,8),(11,7),(9,10),(13,5),(10,12),(14,3),(17,4),(16,16),(3,17),(4,13),(6,11),(5,14),(7,9),(2,15);
(1,1),(4,5),(7,6),(14,2),(6,7),(12,11),(13,13),(18,17),(22,21),(20,8),(19,3),(23,22),(16,16),(21,23),(17,18),(15,15),(11,12),(5,19),(9,14),(10,10),(8,9),(2,4),(3,20);
(2,23),(1,5),(4,1),(21,2),(18,4),(5,11),(9,9),(7,13),(3,18),(8,12),(10,10),(6,19),(11,8),(14,7),(16,16),(13,14),(17,17),(15,6),(22,3),(23,20),(19,21),(12,15),(20,22);
(7,14),(8,9),(1,4),(11,11),(12,15),(16,12),(18,6),(15,16),(23,19),(22,7),(20,3),(21,2),(25,21),(27,8),(29,1),(28,5),(26,20),(19,28),(24,22),(17,18),(13,17),(10,13),(14,27),(9,10),(3,23),(5,24),(4,26),(6,29),(2,25);
(3,29),(4,25),(2,26),(1,1),(26,2),(6,11),(7,13),(12,19),(9,22),(10,20),(5,27),(13,18),(8,14),(11,9),(14,8),(17,16),(19,23),(16,12),(18,17),(15,7),(22,5),(20,24),(21,15),(23,4),(25,10),(27,21),(24,3),(29,6),(28,28);
(1,36),(7,26),(2,1),(5,9),(3,4),(8,28),(10,22),(13,8),(9,27),(14,15),(11,25),(15,18),(18,2),(16,13),(17,21),(22,14),(25,12),(26,6),(24,3),(27,7),(29,11),(36,19),(37,5),(35,34),(31,33),(30,35),(32,30),(23,37),(33,29),(34,17),(28,10),(21,16),(20,23),(19,20),(12,24),(6,31),(4,32);
(1,2),(29,1),(34,3),(24,9),(33,4),(25,10),(22,14),(27,15),(23,13),(28,8),(30,7),(26,12),(32,5),(36,6),(37,20),(35,36),(12,30),(31,35),(9,37),(5,34),(19,25),(21,16),(20,19),(18,24),(15,11),(16,17),(17,21),(14,28),(11,23),(13,27),(8,31),(6,29),(10,18),(7,26),(3,32),(4,22),(2,33);
(1,45),(8,37),(5,35),(4,18),(2,4),(6,30),(9,36),(13,12),(10,33),(14,16),(11,29),(17,28),(19,19),(20,11),(16,9),(21,6),(22,2),(18,27),(24,25),(34,10),(32,15),(28,20),(27,22),(37,13),(36,1),(39,17),(44,38),(40,3),(47,7),(42,5),(41,8),(46,47),(43,42),(33,39),(35,46),(30,34),(45,43),(38,14),(29,21),(26,23),(31,32),(25,24),(15,41),(23,26),(12,31),(7,40),(3,44);
(4,45),(1,42),(2,4),(8,5),(9,15),(6,38),(11,25),(7,34),(10,6),(15,10),(16,18),(14,27),(13,37),(17,12),(20,28),(18,17),(19,16),(22,7),(24,19),(21,23),(37,21),(25,22),(23,8),(31,9),(38,20),(36,14),(34,13),(40,11),(5,3),(26,1),(47,2),(46,44),(42,43),(43,30),(41,40),(39,41),(33,36),(35,33),(44,26),(32,35),(27,24),(29,29),(30,31),(12,39),(28,32),(45,46),(3,47);
(1,7),(7,2),(3,5),(8,1),(6,4),(5,11),(10,15),(31,3),(23,8),(12,14),(15,18),(20,13),(17,17),(14,19),(24,26),(22,16),(27,32),(29,28),(30,30),(34,25),(33,12),(35,33),(41,6),(38,20),(36,35),(45,42),(50,48),(57,47),(58,43),(55,10),(59,53),(54,51),(56,59),(53,52),(51,57),(49,58),(46,50),(48,55),(52,54),(47,45),(44,44),(42,56),(43,41),(39,39),(40,46),(37,37),(32,34),(4,49),(28,36),(26,29),(21,31),(11,40),(25,27),(19,23),(18,22),(9,24),(16,21),(2,9),(13,38);
(1,46),(2,5),(6,1),(49,2),(44,14),(17,19),(31,8),(18,18),(24,13),(12,20),(36,16),(23,25),(30,28),(29,30),(20,26),(33,32),(32,29),(25,24),(35,17),(40,21),(37,37),(39,27),(38,34),(41,15),(43,35),(42,22),(45,12),(48,33),(46,10),(50,3),(51,9),(53,4),(56,36),(54,7),(58,6),(59,56),(52,43),(55,49),(57,59),(5,58),(47,48),(15,55),(34,31),(28,38),(19,42),(22,41),(27,39),(21,47),(26,40),(16,53),(10,44),(14,51),(9,57),(8,45),(11,23),(7,52),(4,50),(13,11),(3,54);
(1,63),(4,60),(6,38),(5,18),(10,61),(13,39),(11,56),(12,57),(14,52),(19,30),(20,11),(21,2),(18,45),(30,40),(23,8),(27,26),(25,15),(29,35),(37,34),(39,28),(36,3),(40,33),(53,22),(42,23),(50,21),(38,10),(49,20),(54,19),(62,1),(55,17),(64,9),(66,6),(63,4),(68,5),(70,44),(71,69),(69,25),(67,7),(61,12),(65,62),(60,13),(56,70),(57,55),(59,14),(58,16),(52,24),(48,27),(51,50),(47,29),(45,48),(46,67),(44,31),(41,59),(43,32),(32,36),(35,71),(34,64),(33,49),(31,42),(28,41),(24,43),(17,46),(22,53),(26,58),(16,47),(15,51),(8,66),(9,54),(7,37),(3,68),(2,65);
(2,65),(1,35),(3,8),(6,21),(10,54),(7,29),(4,3),(14,6),(11,36),(13,25),(12,27),(15,7),(17,26),(16,42),(18,12),(21,50),(19,23),(20,14),(25,16),(23,51),(24,34),(26,19),(28,39),(29,43),(27,28),(30,20),(32,46),(33,61),(31,30),(34,13),(45,41),(35,15),(37,10),(47,22),(38,11),(51,18),(43,31),(52,17),(36,9),(8,2),(62,1),(65,32),(63,4),(71,5),(70,63),(68,58),(66,47),(67,53),(69,66),(59,67),(58,64),(57,55),(64,24),(61,37),(56,57),(41,38),(55,56),(54,59),(48,48),(46,45),(50,52),(53,60),(42,44),(39,33),(40,40),(44,49),(60,69),(49,70),(22,71),(5,68),(9,62);
(1,3),(3,37),(7,27),(4,1),(6,15),(5,4),(8,33),(12,20),(9,9),(10,12),(13,22),(15,11),(14,24),(19,17),(21,18),(16,10),(23,21),(20,2),(24,23),(22,14),(25,30),(27,7),(26,35),(30,43),(33,25),(38,36),(34,5),(37,28),(41,44),(42,40),(39,6),(43,49),(46,56),(50,50),(47,45),(40,16),(48,46),(52,51),(61,13),(53,47),(54,53),(57,48),(62,62),(65,63),(55,39),(66,65),(67,60),(68,68),(81,74),(78,8),(79,29),(82,73),(83,72),(76,81),(72,82),(77,79),(80,75),(69,80),(73,78),(71,76),(75,77),(70,70),(59,67),(74,71),(63,66),(64,64),(60,61),(58,54),(49,59),(56,55),(45,57),(44,52),(36,34),(51,83),(35,31),(32,32),(31,41),(28,58),(29,42),(18,19),(11,69),(17,26),(2,38);
(1,8),(7,6),(6,34),(8,3),(18,11),(9,42),(16,18),(20,14),(23,21),(24,23),(17,32),(25,22),(36,35),(27,24),(12,2),(53,1),(49,31),(45,20),(44,19),(48,29),(46,43),(50,28),(47,48),(51,27),(52,13),(55,30),(58,59),(57,49),(54,15),(56,5),(61,16),(60,33),(62,4),(68,17),(66,36),(69,25),(71,52),(70,38),(73,51),(72,46),(67,9),(74,7),(77,57),(76,40),(75,10),(81,12),(80,39),(82,26),(83,74),(79,83),(59,82),(78,68),(64,78),(65,54),(63,79),(42,81),(39,72),(41,69),(43,65),(38,71),(32,62),(37,45),(34,47),(28,37),(35,50),(31,61),(33,55),(29,56),(21,41),(30,58),(26,53),(40,76),(19,75),(14,66),(15,60),(10,67),(13,63),(11,70),(22,77),(4,80),(3,64),(5,44),(2,73);
(1,1),(9,4),(5,3),(10,19),(12,10),(13,11),(11,16),(14,23),(18,8),(15,24),(24,7),(20,15),(25,14),(21,17),(22,22),(26,40),(31,26),(37,25),(45,12),(34,30),(74,21),(30,31),(28,38),(39,36),(40,45),(48,46),(56,28),(49,44),(52,52),(57,34),(59,33),(53,50),(61,43),(64,32),(58,55),(75,67),(67,41),(69,47),(73,57),(68,39),(77,71),(90,82),(87,6),(91,80),(95,89),(97,87),(96,91),(93,86),(89,93),(94,90),(88,95),(92,84),(85,78),(86,94),(84,77),(82,97),(83,83),(80,79),(81,85),(79,74),(72,76),(78,96),(71,73),(60,88),(70,72),(29,92),(76,69),(66,63),(63,64),(55,75),(62,65),(54,59),(51,58),(65,62),(46,48),(50,53),(43,49),(44,70),(47,81),(41,60),(42,54),(38,37),(27,42),(32,61),(35,56),(36,51),(33,68),(23,29),(19,18),(16,27),(17,35),(7,13),(8,66),(6,9),(4,5),(2,2),(3,20);
(2,8),(9,3),(15,12),(17,33),(14,1),(84,2),(37,27),(27,36),(36,28),(44,25),(50,48),(48,40),(47,23),(49,22),(54,20),(56,34),(55,24),(58,16),(65,35),(59,18),(64,13),(69,17),(66,45),(67,37),(70,21),(68,31),(71,9),(74,11),(63,60),(75,7),(80,29),(77,30),(81,32),(78,19),(82,6),(85,10),(87,26),(86,43),(88,14),(90,41),(89,15),(83,5),(94,4),(97,39),(95,84),(92,58),(96,93),(79,86),(91,91),(93,96),(32,97),(24,79),(72,74),(76,71),(62,73),(73,44),(61,75),(46,76),(60,49),(53,55),(52,57),(57,53),(51,66),(42,72),(43,56),(45,47),(40,69),(38,51),(39,62),(35,38),(41,77),(31,78),(30,64),(34,59),(29,65),(33,42),(28,70),(25,61),(26,46),(23,90),(18,52),(21,80),(20,68),(22,85),(19,94),(13,87),(16,67),(12,92),(8,54),(11,83),(10,89),(6,95),(5,82),(4,81),(7,50),(3,88),(1,63);
(1,111),(3,106),(7,39),(5,5),(6,18),(8,20),(4,101),(14,97),(11,9),(13,22),(12,37),(15,91),(17,40),(16,96),(20,90),(23,85),(21,19),(25,7),(22,17),(24,89),(29,53),(27,15),(31,80),(33,14),(32,77),(36,74),(34,1),(35,36),(37,75),(39,41),(38,11),(40,70),(43,45),(42,6),(44,68),(47,21),(45,56),(50,64),(48,10),(51,71),(54,13),(52,24),(55,2),(53,63),(65,52),(56,46),(63,50),(61,3),(64,51),(77,44),(79,35),(84,26),(76,30),(82,25),(69,29),(87,23),(91,8),(86,27),(89,32),(92,87),(95,38),(94,59),(96,92),(101,49),(100,12),(102,54),(110,4),(106,33),(108,102),(111,110),(113,16),(112,113),(109,107),(105,105),(107,103),(104,43),(97,84),(98,94),(99,99),(103,108),(93,86),(85,104),(90,83),(88,31),(83,28),(81,42),(80,34),(74,57),(78,79),(68,76),(75,78),(73,47),(71,67),(72,55),(70,48),(59,58),(62,65),(67,69),(58,62),(66,98),(60,72),(57,60),(46,81),(49,66),(41,73),(30,82),(28,61),(26,88),(19,93),(18,95),(9,100),(2,109),(10,112);
(2,108),(1,45),(3,12),(6,46),(4,21),(9,30),(7,67),(10,13),(12,36),(13,49),(14,63),(11,15),(18,19),(15,43),(17,28),(20,18),(19,31),(22,6),(27,23),(25,26),(23,25),(26,27),(28,22),(30,41),(29,29),(32,39),(31,32),(35,38),(34,77),(36,47),(38,34),(37,40),(24,11),(41,7),(43,74),(42,33),(44,16),(49,24),(46,73),(48,44),(50,20),(51,51),(54,55),(52,50),(53,3),(72,2),(77,1),(106,5),(93,9),(88,37),(94,10),(97,8),(107,14),(105,35),(108,4),(113,17),(112,78),(109,58),(111,75),(110,112),(61,109),(102,101),(103,68),(104,42),(101,100),(99,84),(100,54),(98,99),(92,65),(96,88),(95,93),(85,104),(89,64),(90,57),(91,48),(87,70),(86,92),(83,87),(81,85),(84,66),(80,82),(82,89),(79,90),(76,76),(78,86),(74,95),(71,79),(75,62),(70,80),(69,71),(68,69),(73,102),(65,107),(64,96),(67,59),(63,103),(59,81),(57,61),(62,56),(66,53),(56,60),(58,72),(60,106),(45,105),(55,52),(47,94),(39,113),(16,111),(21,98),(33,91),(40,83),(5,110),(8,97);
(1,34),(2,14),(3,3),(11,6),(4,4),(13,12),(17,68),(19,19),(25,11),(22,24),(31,29),(30,23),(35,30),(37,100),(45,62),(40,13),(43,40),(48,48),(62,35),(50,52),(55,54),(66,57),(59,65),(69,64),(68,21),(64,38),(71,8),(70,33),(72,76),(77,53),(76,60),(81,75),(78,9),(82,82),(83,45),(84,85),(86,47),(90,87),(88,42),(85,18),(87,25),(91,92),(93,39),(92,69),(94,61),(97,97),(96,49),(95,17),(98,98),(101,26),(99,93),(102,71),(100,94),(103,104),(105,16),(104,80),(106,101),(109,108),(111,105),(108,2),(110,43),(112,106),(115,37),(114,88),(116,115),(119,113),(118,1),(120,116),(124,119),(122,5),(125,123),(127,127),(130,128),(126,112),(131,130),(129,131),(121,124),(128,129),(117,118),(123,122),(113,114),(107,109),(89,90),(79,81),(73,110),(80,74),(75,78),(67,73),(74,121),(65,66),(53,111),(63,72),(61,67),(58,70),(60,59),(56,58),(57,77),(54,63),(51,55),(52,79),(49,51),(47,96),(44,103),(46,86),(41,89),(42,126),(39,91),(38,107),(34,102),(36,84),(33,28),(29,31),(32,95),(28,32),(24,83),(27,44),(21,27),(23,36),(26,56),(20,22),(18,50),(16,120),(15,46),(12,117),(14,41),(10,10),(8,125),(9,15),(7,20),(5,99),(6,7);
(1,1),(37,3),(15,11),(29,7),(27,31),(32,8),(41,15),(35,38),(44,9),(53,46),(43,4),(56,2),(68,12),(64,79),(65,66),(69,13),(73,32),(71,70),(75,60),(72,61),(74,28),(78,40),(81,58),(76,27),(77,5),(89,14),(86,45),(87,37),(88,26),(92,24),(85,53),(93,20),(95,51),(94,33),(97,35),(96,59),(98,18),(101,29),(104,48),(100,17),(111,16),(108,34),(105,44),(112,22),(107,56),(113,21),(117,41),(119,55),(116,30),(110,10),(120,6),(123,39),(121,99),(124,19),(126,63),(125,36),(127,23),(129,25),(128,42),(130,47),(131,116),(122,127),(115,119),(118,78),(114,125),(106,114),(102,91),(99,54),(103,107),(109,128),(91,129),(84,72),(90,121),(80,124),(83,69),(82,85),(79,123),(62,126),(67,98),(70,76),(66,103),(61,110),(58,43),(59,74),(60,120),(52,104),(57,57),(55,75),(54,80),(47,92),(50,84),(51,64),(49,83),(46,67),(48,87),(45,89),(63,130),(21,131),(39,101),(42,88),(38,102),(34,93),(40,71),(33,95),(36,65),(31,113),(28,82),(30,109),(26,112),(23,105),(25,68),(24,86),(22,117),(19,90),(20,50),(18,115),(16,62),(17,106),(12,118),(14,73),(13,94),(11,122),(9,81),(10,49),(8,111),(7,97),(4,100),(5,77),(6,52),(3,108),(2,96);
(1,122),(5,143),(7,19),(6,142),(12,135),(9,16),(11,8),(10,30),(13,133),(16,22),(20,71),(22,7),(21,78),(24,113),(29,54),(31,11),(30,39),(25,116),(32,114),(37,93),(38,41),(35,26),(33,1),(43,79),(47,12),(45,47),(48,50),(49,24),(53,55),(67,5),(54,52),(57,84),(61,69),(65,13),(63,42),(62,63),(68,49),(66,14),(72,75),(76,28),(74,95),(84,77),(78,57),(90,62),(94,103),(100,48),(103,34),(106,45),(110,106),(114,40),(109,68),(115,10),(113,33),(123,29),(128,17),(118,18),(131,15),(133,43),(140,9),(143,82),(144,2),(149,6),(146,4),(148,138),(147,80),(145,3),(142,126),(141,38),(138,21),(139,118),(137,27),(134,109),(136,51),(132,140),(135,64),(130,20),(127,146),(129,23),(125,25),(122,119),(126,137),(121,125),(124,56),(120,31),(117,37),(119,139),(116,32),(111,96),(112,115),(108,100),(107,73),(105,46),(102,129),(104,66),(101,44),(97,145),(99,88),(98,70),(96,97),(95,104),(89,110),(93,105),(91,102),(92,87),(87,61),(86,92),(88,147),(85,72),(82,98),(83,131),(81,83),(79,136),(80,89),(77,90),(73,128),(71,148),(75,107),(70,58),(60,127),(69,60),(64,59),(58,85),(59,94),(55,86),(51,123),(56,76),(50,35),(46,67),(52,74),(44,65),(41,111),(40,130),(42,81),(39,53),(36,117),(34,112),(28,121),(27,124),(26,120),(19,99),(18,91),(23,108),(17,36),(14,101),(15,132),(8,141),(2,149),(4,144),(3,134);
(1,1),(145,2),(8,9),(20,19),(15,44),(21,18),(34,34),(28,26),(36,10),(53,7),(63,38),(56,8),(78,6),(79,39),(76,67),(80,36),(81,27),(87,64),(85,51),(82,24),(90,11),(93,73),(92,52),(91,23),(95,22),(97,16),(104,20),(103,45),(100,78),(105,25),(110,41),(107,31),(106,5),(119,14),(112,43),(111,47),(115,32),(122,13),(125,21),(129,29),(126,33),(123,40),(130,28),(127,54),(131,37),(128,4),(138,17),(134,50),(139,12),(144,15),(143,35),(146,3),(147,30),(149,49),(148,148),(132,149),(3,147),(142,141),(137,116),(141,59),(136,130),(133,88),(135,128),(140,140),(116,139),(121,113),(124,91),(120,118),(114,86),(118,109),(117,132),(109,125),(113,72),(108,138),(102,137),(98,102),(94,69),(96,89),(99,111),(101,136),(88,143),(83,119),(89,58),(86,87),(84,107),(77,134),(72,106),(75,75),(73,80),(69,71),(74,85),(70,126),(67,95),(65,81),(68,63),(64,84),(62,79),(66,90),(71,142),(49,145),(60,82),(58,93),(55,110),(57,96),(61,70),(54,115),(50,98),(52,55),(59,53),(48,56),(51,76),(47,131),(43,101),(46,48),(45,60),(44,77),(42,103),(40,65),(41,104),(38,114),(37,108),(39,66),(35,135),(32,124),(31,99),(33,62),(30,117),(27,83),(29,112),(25,105),(23,68),(26,129),(24,94),(22,146),(18,100),(17,57),(19,144),(14,121),(16,61),(13,123),(10,46),(11,74),(12,122),(6,127),(9,42),(7,97),(4,120),(5,92),(2,133);
(1,151),(4,156),(5,22),(10,41),(11,24),(12,111),(14,110),(16,14),(15,120),(20,140),(18,131),(22,146),(24,2),(23,147),(28,88),(27,26),(29,60),(32,44),(37,127),(40,45),(38,109),(39,118),(42,122),(49,81),(43,23),(47,54),(57,48),(56,53),(52,52),(48,70),(54,108),(59,71),(61,6),(58,106),(67,12),(62,65),(63,63),(60,102),(69,96),(72,76),(68,42),(74,90),(77,82),(79,83),(81,15),(80,84),(83,79),(87,46),(91,75),(97,37),(92,73),(106,67),(103,36),(108,57),(117,47),(123,49),(118,11),(124,43),(127,19),(126,40),(129,137),(133,32),(137,29),(148,28),(139,17),(143,20),(147,7),(146,21),(153,16),(156,3),(160,117),(162,9),(157,8),(167,1),(166,4),(164,25),(165,10),(163,5),(161,99),(159,136),(158,61),(155,13),(150,157),(152,27),(151,123),(154,18),(145,39),(149,128),(144,33),(141,62),(138,129),(140,68),(142,30),(136,31),(134,142),(135,35),(131,85),(130,143),(132,155),(128,132),(125,38),(121,69),(120,80),(122,163),(119,50),(116,51),(113,135),(115,159),(112,134),(114,89),(110,59),(111,97),(109,56),(104,101),(107,66),(101,77),(105,154),(102,98),(99,87),(98,112),(100,148),(95,74),(94,104),(96,164),(93,91),(89,64),(90,153),(88,55),(85,95),(82,141),(84,92),(86,78),(76,93),(78,119),(73,86),(75,113),(71,94),(66,165),(70,100),(64,105),(55,107),(51,114),(65,161),(53,124),(50,116),(46,103),(45,126),(44,121),(41,125),(36,130),(34,149),(35,139),(33,72),(30,58),(26,133),(25,145),(31,138),(21,150),(19,144),(13,115),(9,158),(17,167),(8,160),(7,34),(6,152),(2,166),(3,162);
(1,154),(2,64),(3,58),(4,25),(6,97),(5,49),(7,47),(9,33),(11,46),(12,59),(10,100),(13,53),(15,101),(16,134),(14,48),(18,30),(17,89),(19,20),(22,52),(21,98),(20,120),(23,67),(25,122),(24,71),(26,24),(28,119),(27,60),(29,31),(31,66),(30,111),(32,26),(34,15),(36,124),(38,128),(35,69),(37,42),(46,91),(40,54),(39,16),(43,3),(48,9),(49,38),(47,81),(50,19),(54,12),(51,110),(53,56),(56,72),(55,55),(57,27),(59,92),(58,57),(60,63),(61,37),(63,80),(62,99),(64,62),(66,106),(65,78),(67,18),(70,68),(69,76),(74,95),(73,86),(71,77),(68,28),(75,17),(77,84),(76,43),(78,73),(80,102),(79,82),(81,11),(83,74),(82,4),(91,21),(85,50),(94,8),(103,13),(100,35),(107,5),(115,22),(110,83),(114,45),(120,51),(129,65),(116,44),(123,34),(127,40),(133,36),(135,41),(136,32),(128,39),(109,7),(139,2),(147,90),(141,23),(142,29),(140,6),(156,1),(165,14),(159,123),(161,87),(162,75),(166,10),(167,133),(163,139),(160,126),(164,148),(155,156),(158,85),(157,108),(154,146),(152,114),(148,61),(151,104),(153,150),(150,142),(146,121),(149,141),(145,155),(138,70),(144,143),(137,159),(132,138),(143,140),(131,137),(134,94),(130,149),(124,130),(125,144),(122,118),(126,158),(111,162),(119,116),(121,115),(118,113),(112,103),(117,112),(113,145),(108,153),(106,136),(101,105),(105,132),(102,125),(104,135),(99,161),(96,127),(98,79),(93,96),(97,93),(95,151),(92,163),(88,88),(89,107),(90,152),(84,109),(87,131),(86,167),(52,164),(72,147),(45,166),(42,129),(41,117),(44,157),(33,165),(8,160);
(2,62),(1,13),(3,60),(5,7),(4,49),(6,16),(7,57),(8,1),(9,22),(10,52),(12,5),(11,42),(13,19),(15,2),(14,23),(17,3),(16,31),(19,54),(18,8),(22,33),(21,56),(25,59),(24,44),(23,20),(26,63),(27,15),(28,41),(29,24),(30,29),(32,46),(31,34),(33,35),(34,21),(36,30),(35,43),(38,32),(37,4),(40,26),(39,53),(43,38),(42,40),(41,17),(45,48),(44,6),(46,55),(47,14),(49,47),(48,12),(51,65),(52,50),(50,37),(53,51),(55,10),(54,39),(56,66),(58,11),(59,67),(61,45),(62,64),(64,27),(63,61),(65,18),(66,58),(67,72),(68,25),(69,69),(70,9),(71,73),(73,28),(72,71),(76,68),(74,81),(80,76),(77,86),(84,80),(81,85),(88,94),(93,75),(90,93),(91,99),(95,78),(96,95),(94,36),(97,92),(99,77),(98,97),(104,102),(100,79),(105,83),(106,101),(108,74),(107,109),(109,84),(110,113),(113,88),(112,106),(115,116),(114,100),(116,114),(126,103),(117,119),(128,122),(120,121),(129,123),(131,126),(132,118),(133,96),(134,134),(135,125),(137,136),(142,137),(148,144),(145,105),(149,140),(152,143),(151,148),(153,146),(150,153),(163,155),(167,127),(165,159),(166,162),(171,173),(168,157),(183,158),(191,133),(190,172),(185,181),(189,186),(186,185),(188,190),(182,177),(187,189),(181,179),(184,183),(179,174),(177,182),(180,180),(176,187),(178,176),(174,175),(173,167),(175,188),(170,171),(169,169),(164,163),(172,178),(161,160),(162,164),(160,170),(159,161),(158,191),(157,166),(156,156),(154,165),(147,147),(155,168),(146,152),(143,145),(141,138),(144,149),(140,150),(139,139),(138,151),(136,132),(130,141),(127,128),(125,135),(123,154),(124,129),(121,130),(122,184),(119,124),(111,115),(118,131),(102,110),(103,142),(101,111),(92,98),(87,112),(85,117),(89,104),(86,108),(83,91),(78,89),(82,87),(75,90),(79,107),(60,82),(20,120),(57,70);
(1,1),(185,2),(10,6),(7,99),(11,8),(22,22),(16,54),(25,10),(37,20),(30,30),(28,34),(43,12),(41,65),(44,16),(48,46),(45,96),(49,38),(53,51),(52,81),(55,40),(59,101),(56,55),(57,37),(51,42),(54,5),(74,11),(67,69),(71,70),(69,57),(75,14),(84,19),(82,113),(85,7),(96,9),(97,50),(95,95),(98,29),(101,58),(99,93),(100,90),(102,35),(104,72),(106,108),(105,88),(115,109),(108,94),(110,67),(111,80),(113,75),(114,68),(112,76),(103,15),(122,4),(119,71),(117,102),(120,56),(121,63),(124,73),(123,123),(125,32),(126,82),(127,49),(129,125),(128,85),(130,13),(133,61),(132,114),(134,21),(137,66),(136,118),(138,53),(140,78),(141,97),(139,47),(143,64),(142,121),(144,36),(147,110),(145,52),(146,17),(154,27),(151,92),(150,107),(155,45),(157,116),(156,74),(158,18),(161,41),(159,122),(162,62),(160,86),(163,24),(166,48),(165,89),(167,26),(170,87),(169,59),(173,33),(172,84),(174,25),(177,132),(175,44),(179,31),(178,77),(180,28),(182,105),(181,60),(183,3),(190,23),(186,91),(184,112),(188,79),(187,127),(189,43),(191,191),(3,190),(168,177),(153,171),(164,163),(171,164),(176,157),(149,170),(152,144),(148,173),(135,179),(107,176),(131,135),(118,156),(109,149),(116,160),(94,178),(92,139),(93,100),(91,167),(87,143),(86,126),(90,146),(88,129),(83,111),(89,166),(80,174),(81,98),(79,181),(77,140),(78,175),(72,137),(76,119),(70,136),(73,128),(68,161),(66,152),(63,130),(64,141),(60,104),(62,124),(65,150),(61,180),(58,185),(47,172),(50,134),(46,183),(32,187),(42,151),(38,142),(39,115),(36,154),(34,106),(35,39),(33,159),(40,158),(27,165),(31,120),(29,138),(26,155),(24,153),(21,117),(23,145),(20,168),(18,133),(19,188),(14,162),(17,131),(15,148),(12,182),(9,169),(13,103),(8,184),(5,147),(6,83),(4,186),(2,189);
(1,222),(3,217),(6,3),(4,166),(5,211),(8,212),(7,96),(9,214),(11,53),(10,213),(12,210),(14,59),(13,25),(17,6),(15,32),(16,206),(21,183),(18,205),(22,202),(19,61),(23,201),(26,195),(28,105),(25,5),(27,14),(29,177),(31,192),(35,187),(33,45),(36,41),(37,37),(34,58),(38,182),(42,160),(41,66),(45,171),(47,35),(46,117),(48,174),(52,92),(49,169),(53,168),(56,46),(54,163),(59,9),(55,149),(58,159),(61,157),(62,70),(60,57),(64,67),(63,65),(65,147),(68,29),(67,71),(66,152),(72,150),(71,77),(74,140),(73,94),(76,142),(78,98),(77,23),(79,144),(82,81),(81,134),(85,143),(83,62),(86,151),(89,52),(87,139),(92,107),(91,11),(93,118),(95,18),(94,102),(98,124),(100,131),(97,75),(102,121),(106,123),(103,56),(107,130),(109,55),(108,115),(112,111),(117,108),(118,83),(113,26),(115,48),(120,104),(123,16),(122,60),(127,109),(132,110),(128,39),(133,86),(138,88),(143,44),(140,73),(148,80),(150,34),(149,106),(152,137),(158,69),(157,43),(155,4),(163,158),(175,72),(167,51),(164,40),(169,47),(172,64),(179,28),(177,49),(178,85),(182,188),(185,101),(188,19),(191,12),(192,95),(195,24),(199,30),(197,42),(202,203),(203,15),(212,38),(213,8),(207,13),(221,1),(214,10),(223,2),(220,133),(218,219),(222,20),(219,7),(215,33),(217,181),(210,215),(216,154),(211,36),(208,68),(209,54),(206,31),(205,21),(204,190),(200,220),(201,194),(198,78),(196,27),(194,63),(193,132),(190,22),(187,221),(189,17),(186,74),(183,172),(184,189),(180,191),(181,167),(176,50),(173,175),(171,218),(174,84),(170,113),(166,170),(168,197),(165,165),(162,161),(160,103),(161,209),(159,82),(154,120),(156,216),(153,126),(147,207),(151,148),(146,79),(142,122),(144,97),(145,89),(141,76),(139,93),(137,91),(136,138),(131,185),(135,145),(134,90),(125,198),(130,135),(129,129),(126,100),(121,87),(124,99),(116,114),(119,196),(114,112),(111,125),(110,116),(104,146),(105,178),(101,119),(96,180),(99,128),(90,127),(88,136),(80,199),(84,141),(69,153),(75,164),(70,155),(57,162),(50,173),(51,176),(44,179),(43,156),(40,184),(32,208),(39,186),(30,193),(24,200),(2,223),(20,204);
(1,174),(2,45),(6,110),(8,137),(4,75),(7,43),(11,69),(10,41),(9,51),(3,14),(17,8),(20,30),(19,85),(18,127),(21,28),(22,90),(23,42),(25,149),(24,84),(27,118),(26,101),(28,31),(31,54),(30,74),(32,35),(34,40),(29,97),(35,34),(37,136),(36,81),(38,19),(42,64),(40,38),(41,26),(44,23),(45,59),(43,109),(46,50),(53,135),(47,58),(51,13),(56,36),(52,63),(59,25),(58,111),(60,22),(63,79),(61,114),(64,65),(66,72),(65,129),(67,18),(70,70),(68,145),(71,33),(74,39),(76,103),(75,68),(78,48),(77,95),(79,32),(82,61),(81,82),(80,88),(83,78),(86,133),(84,91),(85,21),(90,37),(93,99),(89,16),(99,12),(95,124),(96,100),(98,62),(97,98),(100,9),(104,55),(102,77),(106,44),(105,119),(107,20),(111,115),(109,106),(113,130),(112,123),(110,87),(114,10),(124,116),(121,80),(120,27),(127,7),(135,29),(131,66),(138,5),(152,56),(150,83),(153,57),(139,4),(174,2),(163,60),(167,53),(183,49),(170,52),(166,46),(176,6),(184,1),(217,3),(208,24),(214,11),(219,15),(197,93),(220,17),(223,67),(222,206),(218,107),(221,183),(216,205),(212,128),(213,173),(215,189),(211,199),(209,122),(210,185),(206,172),(207,143),(205,157),(203,92),(204,165),(201,187),(202,131),(200,164),(199,182),(196,170),(198,113),(195,198),(193,125),(194,73),(192,176),(191,179),(189,96),(190,142),(188,203),(185,105),(187,171),(186,197),(182,202),(180,148),(181,76),(179,196),(177,152),(178,191),(173,190),(175,108),(172,178),(169,89),(171,168),(168,207),(165,192),(161,71),(164,163),(160,209),(158,159),(159,160),(162,141),(157,154),(154,121),(156,156),(155,210),(149,193),(151,161),(148,201),(145,94),(146,144),(147,167),(144,181),(143,151),(141,162),(142,112),(140,204),(136,140),(134,47),(137,194),(130,195),(133,86),(129,117),(132,102),(128,169),(125,132),(126,146),(123,214),(118,153),(122,104),(116,155),(117,147),(119,134),(115,208),(108,218),(103,216),(94,138),(101,200),(91,212),(92,120),(88,188),(87,222),(72,215),(73,150),(69,221),(57,220),(50,184),(62,166),(54,175),(39,180),(33,177),(49,186),(55,211),(48,223),(16,219),(13,158),(15,139),(12,126),(14,213),(5,217);
(1,4),(3,42),(4,95),(6,111),(7,13),(13,6),(15,15),(28,11),(16,16),(19,27),(25,41),(26,67),(30,110),(31,5),(34,34),(35,77),(37,118),(41,23),(39,93),(43,63),(48,57),(53,143),(51,122),(54,160),(50,73),(56,200),(59,186),(66,98),(65,65),(61,51),(68,69),(80,58),(70,71),(81,80),(89,125),(90,84),(95,28),(91,91),(102,97),(101,79),(105,104),(110,145),(120,102),(116,8),(121,124),(129,119),(133,132),(128,89),(135,149),(132,62),(134,116),(136,171),(138,49),(137,175),(139,185),(141,21),(140,187),(142,214),(144,137),(148,68),(145,139),(143,180),(149,121),(152,18),(150,109),(155,112),(159,153),(156,26),(158,85),(160,156),(165,88),(164,33),(167,113),(169,173),(173,90),(172,52),(170,1),(171,2),(174,114),(177,147),(179,105),(181,38),(180,36),(185,7),(184,72),(189,165),(192,92),(190,59),(193,106),(191,161),(196,188),(199,196),(200,146),(217,66),(220,47),(205,55),(214,48),(201,53),(202,45),(213,29),(206,40),(219,43),(225,17),(208,129),(229,130),(231,56),(226,24),(232,37),(234,232),(237,142),(238,64),(239,81),(244,19),(248,208),(252,50),(251,10),(246,14),(254,3),(257,249),(256,204),(255,87),(253,9),(249,176),(250,247),(247,191),(245,76),(243,39),(241,246),(242,46),(236,181),(235,235),(240,237),(228,233),(212,230),(224,231),(230,215),(221,226),(216,225),(223,223),(211,216),(215,218),(222,219),(227,170),(218,197),(204,229),(210,206),(207,222),(209,217),(233,136),(203,134),(198,212),(197,198),(194,189),(195,183),(188,167),(186,211),(183,257),(187,178),(182,31),(176,190),(178,238),(175,168),(168,174),(166,100),(162,141),(163,162),(153,213),(161,164),(154,155),(157,154),(151,120),(146,157),(147,251),(131,135),(126,253),(130,151),(127,123),(124,254),(125,195),(123,131),(119,140),(118,150),(122,248),(117,127),(114,177),(115,245),(113,133),(111,234),(112,158),(108,184),(109,148),(104,117),(107,243),(103,103),(100,115),(106,244),(99,101),(97,241),(98,152),(96,96),(93,99),(94,205),(92,94),(86,159),(88,199),(85,172),(83,193),(87,126),(84,107),(79,108),(82,250),(77,78),(75,192),(78,256),(74,207),(76,86),(73,74),(71,179),(69,255),(72,83),(67,70),(64,166),(62,163),(60,202),(63,236),(58,194),(52,240),(57,201),(49,239),(55,182),(46,60),(45,209),(47,224),(40,220),(44,221),(42,75),(36,128),(38,203),(33,25),(29,144),(32,252),(27,82),(23,44),(24,242),(22,35),(20,228),(21,54),(18,32),(17,20),(12,22),(14,169),(11,12),(9,210),(10,30),(8,61),(2,227),(5,138);
(1,245),(2,57),(4,135),(3,89),(5,31),(7,128),(6,60),(10,32),(11,108),(9,202),(13,19),(15,88),(14,29),(19,41),(16,179),(18,112),(21,62),(23,168),(22,97),(24,22),(28,183),(27,138),(26,77),(25,2),(34,46),(30,155),(31,133),(35,25),(37,63),(36,101),(38,56),(41,124),(39,42),(44,43),(42,111),(45,59),(47,116),(46,191),(48,47),(51,120),(49,65),(50,51),(54,50),(53,143),(55,35),(59,74),(58,117),(60,45),(62,58),(64,175),(63,96),(66,83),(65,151),(67,36),(70,107),(68,93),(72,158),(69,72),(71,21),(74,84),(73,145),(75,40),(77,106),(76,48),(80,75),(82,102),(85,177),(83,126),(81,67),(87,38),(84,115),(86,76),(90,80),(88,87),(91,92),(93,127),(96,122),(94,121),(89,64),(95,3),(99,70),(98,98),(100,82),(105,148),(101,95),(102,6),(109,37),(106,105),(110,23),(113,100),(108,147),(112,110),(115,118),(116,99),(114,114),(111,33),(122,10),(121,104),(124,12),(127,130),(128,144),(126,79),(129,18),(133,187),(130,53),(131,4),(144,15),(140,49),(148,9),(160,85),(149,14),(166,11),(161,200),(164,91),(169,109),(165,86),(172,24),(175,73),(185,90),(176,68),(196,69),(177,61),(198,1),(204,52),(200,54),(199,55),(207,81),(202,20),(213,5),(222,71),(218,39),(220,34),(228,44),(217,30),(227,27),(236,28),(223,26),(230,8),(244,17),(238,167),(241,94),(247,16),(249,78),(248,13),(256,7),(257,131),(255,219),(252,129),(253,161),(254,212),(251,250),(246,214),(250,196),(245,215),(242,185),(240,164),(243,210),(235,226),(239,153),(234,234),(237,136),(233,251),(229,173),(232,235),(226,150),(231,222),(225,236),(221,206),(224,141),(219,248),(216,233),(214,132),(215,225),(211,224),(212,146),(210,199),(208,162),(209,197),(206,227),(203,113),(205,204),(201,247),(192,231),(195,157),(194,163),(197,66),(193,193),(191,184),(189,176),(190,188),(187,165),(188,180),(186,237),(182,152),(183,181),(184,203),(180,209),(181,186),(174,125),(179,178),(178,217),(171,239),(168,198),(173,170),(167,166),(163,149),(170,182),(162,243),(154,208),(159,207),(155,103),(157,159),(158,195),(151,172),(153,154),(156,142),(150,160),(152,205),(146,216),(147,119),(145,201),(141,140),(142,156),(143,190),(138,223),(137,174),(134,137),(139,139),(132,134),(136,171),(135,254),(123,213),(125,189),(120,230),(118,194),(119,241),(104,252),(117,123),(107,220),(103,242),(79,169),(92,211),(97,249),(78,257),(61,256),(52,192),(57,229),(56,253),(32,244),(43,218),(20,232),(29,228),(40,221),(33,240),(12,255),(8,246),(17,238);
(1,18),(4,186),(8,112),(2,3),(12,182),(9,6),(13,226),(18,90),(16,110),(19,9),(26,42),(25,83),(30,142),(34,161),(33,236),(35,253),(37,219),(41,46),(42,37),(38,28),(49,52),(57,17),(50,55),(53,69),(52,85),(56,121),(58,211),(61,63),(68,38),(63,57),(64,73),(71,105),(74,15),(72,76),(77,125),(75,72),(79,145),(78,41),(80,201),(86,80),(85,31),(88,101),(89,126),(93,208),(94,231),(96,167),(98,4),(100,98),(105,129),(109,8),(106,99),(111,100),(110,67),(114,114),(116,34),(115,119),(120,156),(122,7),(121,96),(128,132),(125,21),(130,188),(133,50),(131,189),(138,135),(135,118),(141,144),(147,133),(146,12),(148,190),(151,174),(150,35),(152,153),(155,140),(154,26),(156,149),(159,95),(158,2),(160,134),(164,36),(161,130),(166,173),(169,13),(167,168),(171,5),(168,155),(174,162),(172,33),(176,177),(178,229),(181,237),(173,32),(182,252),(186,113),(191,11),(188,75),(190,176),(198,196),(194,81),(196,14),(195,108),(199,197),(204,109),(197,27),(205,117),(208,71),(207,23),(212,77),(211,78),(215,213),(220,206),(218,79),(221,218),(223,74),(230,1),(224,68),(226,233),(231,64),(233,59),(236,239),(243,115),(245,70),(244,56),(237,40),(242,49),(247,51),(249,20),(248,93),(253,205),(250,122),(255,250),(257,30),(261,24),(262,185),(264,138),(263,94),(266,137),(269,104),(267,22),(268,44),(271,215),(274,276),(275,240),(276,282),(279,45),(278,25),(283,82),(282,10),(284,91),(290,228),(287,43),(293,283),(288,92),(292,279),(285,269),(291,277),(289,210),(286,143),(281,60),(277,268),(280,293),(273,280),(272,270),(270,165),(265,147),(259,227),(260,54),(258,29),(256,259),(254,244),(252,183),(246,53),(238,225),(239,242),(241,243),(251,271),(240,245),(234,241),(235,181),(232,62),(227,200),(228,264),(229,292),(225,220),(222,217),(217,230),(219,284),(216,216),(213,209),(214,187),(210,58),(206,262),(209,65),(201,170),(202,255),(203,286),(200,199),(193,191),(185,274),(192,192),(189,172),(187,102),(184,184),(183,260),(179,232),(180,285),(177,212),(175,164),(170,160),(165,178),(163,157),(157,272),(162,151),(153,152),(149,203),(144,141),(142,150),(140,175),(145,267),(139,169),(136,158),(143,291),(137,179),(132,202),(134,289),(129,163),(127,128),(124,123),(126,265),(123,107),(117,223),(118,194),(119,171),(113,103),(108,266),(112,97),(103,139),(107,290),(102,111),(101,136),(104,273),(99,61),(97,88),(95,248),(92,198),(90,261),(91,193),(87,86),(84,127),(82,180),(81,204),(83,234),(76,166),(73,89),(69,146),(66,222),(70,120),(67,87),(62,66),(60,235),(65,195),(59,247),(55,116),(51,84),(54,124),(47,48),(48,256),(46,47),(45,254),(39,278),(44,257),(43,39),(40,106),(36,258),(32,246),(31,148),(28,221),(27,287),(29,154),(21,19),(24,275),(22,263),(23,224),(20,16),(15,207),(17,214),(11,288),(14,249),(10,159),(7,131),(6,238),(3,281),(5,251);
(2,293),(1,174),(3,54),(5,291),(4,163),(6,17),(10,19),(11,121),(8,198),(7,227),(12,95),(14,92),(9,213),(15,71),(13,206),(16,21),(18,243),(17,107),(20,86),(19,265),(21,24),(23,254),(22,113),(25,133),(24,244),(26,60),(28,136),(27,252),(29,47),(31,155),(30,167),(33,144),(32,253),(34,64),(35,152),(37,256),(36,122),(39,139),(38,258),(40,38),(42,218),(41,72),(45,108),(43,281),(44,204),(46,87),(48,239),(47,162),(49,9),(55,56),(50,242),(54,240),(51,226),(52,171),(56,58),(53,201),(57,23),(59,89),(60,90),(58,251),(61,12),(65,232),(64,271),(62,261),(66,284),(63,115),(67,10),(70,85),(69,193),(68,290),(71,18),(74,77),(73,153),(72,235),(75,2),(81,66),(76,247),(80,217),(79,219),(77,228),(78,176),(82,35),(84,200),(83,221),(86,168),(87,255),(85,78),(88,31),(90,61),(91,96),(89,203),(92,43),(94,245),(93,51),(97,34),(98,106),(95,269),(96,238),(99,46),(101,125),(100,199),(102,62),(105,188),(103,103),(104,36),(107,37),(108,137),(106,246),(109,94),(111,277),(110,182),(112,27),(115,91),(114,214),(113,282),(116,88),(119,183),(117,116),(118,57),(121,126),(120,215),(122,40),(125,234),(123,84),(127,166),(128,185),(126,142),(124,48),(130,8),(131,104),(129,262),(132,41),(134,208),(133,119),(135,93),(136,52),(139,114),(137,159),(138,141),(140,101),(142,264),(141,151),(144,15),(146,173),(145,211),(143,278),(148,111),(147,207),(149,81),(151,134),(150,160),(152,110),(154,267),(153,127),(155,4),(161,45),(157,138),(156,130),(159,158),(162,192),(158,146),(160,69),(163,102),(166,194),(165,209),(167,224),(164,131),(168,6),(170,177),(171,268),(169,82),(173,3),(175,124),(172,216),(176,145),(174,178),(177,44),(179,187),(178,63),(182,74),(180,289),(181,186),(184,105),(183,248),(185,39),(188,205),(187,147),(186,76),(190,11),(191,97),(189,181),(192,59),(194,270),(193,140),(195,109),(199,274),(198,225),(197,189),(196,68),(200,13),(202,286),(201,135),(203,32),(205,196),(204,202),(206,191),(207,156),(209,210),(208,150),(210,29),(212,263),(211,99),(215,65),(213,288),(214,184),(216,1),(223,49),(218,180),(220,220),(217,197),(222,236),(221,222),(219,154),(226,5),(225,195),(224,257),(227,73),(229,229),(228,148),(231,50),(232,179),(230,223),(233,161),(235,241),(234,172),(236,100),(239,276),(237,157),(238,33),(241,120),(240,233),(242,30),(244,237),(243,129),(245,42),(248,230),(247,164),(246,70),(250,79),(249,169),(251,20),(253,149),(252,280),(254,26),(256,165),(255,266),(257,75),(260,190),(258,112),(259,25),(262,98),(261,249),(263,22),(265,123),(264,279),(266,28),(270,250),(267,83),(269,14),(275,67),(272,272),(268,283),(271,275),(273,273),(274,143),(277,132),(278,212),(279,285),(276,53),(280,7),(282,259),(281,117),(284,175),(285,231),(283,118),(286,16),(288,260),(287,128),(289,55),(291,170),(290,287),(292,80),(293,292);
(1,323),(7,12),(2,283),(4,322),(3,260),(5,319),(8,312),(6,119),(9,302),(11,317),(15,135),(13,234),(12,315),(19,327),(21,316),(22,261),(17,15),(23,308),(25,277),(24,304),(27,293),(29,37),(28,250),(30,285),(32,245),(31,274),(33,297),(35,288),(40,24),(37,187),(36,267),(38,280),(39,291),(43,295),(42,282),(45,287),(47,184),(46,268),(49,278),(48,109),(50,284),(53,279),(52,239),(54,276),(57,91),(55,275),(58,97),(56,256),(59,269),(62,247),(61,226),(64,272),(66,132),(65,273),(69,147),(70,36),(68,264),(72,249),(74,252),(77,92),(76,146),(75,251),(79,240),(81,19),(80,244),(84,235),(82,258),(86,253),(85,100),(87,246),(89,99),(88,224),(92,231),(93,236),(95,9),(94,221),(96,237),(98,30),(97,211),(100,219),(99,230),(104,229),(107,2),(105,228),(109,82),(108,121),(110,213),(112,90),(111,194),(114,220),(115,205),(113,77),(116,217),(117,214),(120,215),(121,177),(118,13),(119,65),(122,207),(123,193),(126,67),(124,178),(127,203),(131,4),(129,104),(128,200),(134,208),(137,192),(136,157),(138,202),(140,161),(139,124),(141,197),(143,17),(142,134),(144,199),(146,86),(145,174),(147,195),(150,8),(148,151),(149,189),(152,106),(154,68),(155,143),(158,175),(159,144),(157,93),(160,164),(165,165),(164,81),(162,18),(167,163),(170,149),(175,138),(174,142),(176,156),(178,23),(177,159),(194,137),(181,117),(195,136),(199,115),(189,57),(201,126),(204,223),(206,3),(205,154),(214,108),(213,96),(217,114),(221,110),(222,186),(225,158),(226,133),(229,102),(228,21),(234,95),(235,185),(237,70),(233,41),(243,98),(248,112),(250,25),(253,84),(254,72),(255,111),(258,62),(265,56),(263,63),(280,42),(281,196),(284,45),(300,38),(297,31),(287,34),(303,29),(304,141),(307,303),(308,307),(309,309),(312,16),(323,10),(331,1),(329,27),(330,6),(328,5),(321,310),(327,48),(326,7),(324,74),(325,28),(322,11),(320,40),(319,22),(317,35),(318,26),(316,14),(314,33),(315,47),(313,20),(311,116),(310,313),(305,301),(306,254),(302,32),(299,55),(301,204),(298,39),(295,43),(296,75),(294,44),(291,46),(293,325),(292,188),(290,50),(286,318),(288,183),(289,51),(285,52),(282,210),(283,152),(279,242),(278,49),(276,54),(277,271),(275,53),(272,222),(274,83),(273,64),(271,58),(269,107),(270,299),(268,60),(264,262),(267,105),(266,80),(262,61),(261,78),(259,94),(260,71),(257,79),(256,123),(251,66),(252,88),(249,69),(245,248),(247,131),(246,122),(244,103),(242,118),(241,87),(239,101),(240,320),(238,73),(236,225),(232,76),(231,59),(230,85),(227,140),(223,179),(224,266),(220,113),(218,169),(215,290),(219,127),(216,125),(212,120),(208,305),(211,128),(209,171),(210,130),(207,201),(203,232),(202,160),(198,139),(196,314),(197,155),(193,162),(191,198),(192,306),(190,172),(200,129),(187,148),(188,286),(186,150),(184,167),(185,190),(183,170),(180,180),(182,311),(179,168),(173,145),(169,263),(172,166),(171,176),(168,182),(166,153),(161,216),(163,181),(156,173),(153,89),(151,191),(133,212),(135,331),(132,206),(103,259),(130,209),(106,227),(101,233),(125,218),(91,241),(102,289),(90,238),(83,265),(78,243),(73,257),(67,300),(71,255),(63,281),(60,270),(44,294),(51,292),(41,296),(26,298),(20,324),(34,330),(18,328),(10,329),(16,326),(14,321);
(3,331),(2,327),(1,77),(4,19),(7,239),(6,165),(5,83),(9,84),(8,256),(10,80),(12,306),(11,184),(13,53),(15,291),(14,119),(17,111),(16,298),(18,116),(20,294),(19,203),(21,52),(23,156),(22,185),(25,105),(24,195),(26,73),(28,214),(27,118),(30,95),(29,228),(31,58),(33,187),(32,317),(34,62),(37,292),(35,131),(36,4),(44,25),(42,155),(38,308),(41,315),(39,309),(40,233),(45,75),(43,276),(46,14),(49,130),(47,283),(50,65),(51,190),(48,314),(52,149),(53,89),(55,246),(54,88),(58,141),(59,267),(57,300),(60,251),(56,30),(61,7),(63,215),(62,91),(66,201),(67,278),(65,123),(68,186),(64,101),(69,3),(71,307),(70,151),(72,54),(74,272),(73,144),(75,61),(77,148),(76,253),(78,46),(80,178),(81,248),(79,103),(82,28),(84,225),(83,44),(88,104),(85,312),(87,243),(86,245),(89,34),(91,285),(90,152),(93,27),(95,106),(92,310),(94,175),(96,43),(99,242),(97,86),(102,70),(101,159),(98,329),(100,216),(103,48),(105,293),(104,158),(106,9),(111,40),(107,273),(110,269),(108,271),(109,157),(113,204),(115,311),(114,257),(112,124),(116,15),(118,230),(117,107),(121,200),(119,153),(120,72),(123,67),(124,128),(122,319),(125,36),(129,76),(126,318),(127,238),(130,221),(128,181),(131,60),(133,280),(132,166),(134,21),(137,134),(135,163),(140,321),(136,194),(138,78),(142,87),(141,174),(139,198),(144,139),(143,289),(145,63),(148,145),(150,199),(146,170),(149,193),(151,224),(153,277),(147,117),(152,8),(156,275),(154,140),(155,11),(160,64),(158,173),(162,232),(157,240),(163,231),(161,217),(159,121),(164,16),(166,160),(165,177),(168,129),(167,325),(169,69),(171,326),(170,192),(172,93),(175,281),(174,218),(173,113),(176,6),(181,94),(179,183),(177,263),(178,226),(180,142),(183,108),(182,167),(185,97),(184,172),(186,66),(189,305),(187,143),(188,1),(200,23),(193,147),(192,188),(191,219),(194,133),(195,197),(190,244),(197,179),(199,282),(196,127),(198,59),(202,90),(204,205),(203,146),(201,33),(205,35),(208,295),(207,208),(206,114),(209,22),(212,99),(210,320),(211,210),(213,55),(216,229),(214,110),(215,71),(218,120),(217,290),(219,18),(222,96),(221,220),(220,324),(223,13),(228,51),(224,222),(227,328),(225,254),(226,137),(230,2),(237,92),(232,202),(231,212),(229,237),(233,191),(238,299),(235,234),(234,209),(236,115),(240,81),(239,206),(241,45),(243,162),(242,262),(244,68),(246,154),(245,249),(247,82),(249,313),(248,196),(250,39),(253,250),(254,323),(252,176),(251,56),(256,12),(257,102),(255,258),(258,37),(260,241),(262,284),(261,261),(259,74),(265,42),(263,213),(267,286),(268,304),(264,227),(266,10),(270,29),(271,109),(269,268),(272,32),(274,303),(273,164),(275,17),(278,168),(276,302),(279,252),(277,259),(280,20),(282,274),(281,136),(283,31),(286,135),(284,161),(288,287),(287,255),(285,189),(289,26),(291,169),(290,322),(292,57),(295,182),(296,266),(294,288),(297,264),(293,98),(298,5),(300,279),(299,112),(302,126),(301,265),(303,24),(306,138),(305,247),(304,296),(307,150),(309,171),(308,297),(310,50),(312,236),(311,100),(314,125),(313,223),(315,38),(318,207),(316,180),(320,301),(319,270),(317,85),(322,79),(321,235),(323,47),(326,316),(324,132),(325,49),(328,122),(327,260),(329,41),(331,211),(330,330);
(3,73),(1,11),(4,90),(7,13),(5,111),(8,119),(10,60),(9,72),(11,31),(15,120),(14,10),(16,109),(18,64),(19,99),(27,42),(20,24),(22,5),(21,15),(23,21),(25,33),(30,6),(31,4),(26,30),(34,35),(29,36),(37,166),(36,172),(38,223),(41,202),(40,47),(42,208),(44,25),(43,123),(45,170),(46,138),(51,45),(47,122),(49,137),(55,61),(54,9),(56,48),(53,95),(57,145),(59,91),(62,51),(61,3),(63,55),(66,74),(65,7),(67,70),(69,83),(73,176),(70,23),(71,62),(72,121),(75,213),(78,46),(76,8),(86,57),(87,217),(90,167),(89,59),(88,34),(91,105),(92,159),(95,1),(93,118),(94,151),(96,94),(101,20),(97,81),(102,198),(104,41),(106,191),(108,310),(110,80),(109,289),(113,187),(115,50),(114,181),(116,180),(117,140),(118,103),(129,18),(123,65),(120,88),(121,104),(126,136),(128,193),(130,131),(135,147),(136,127),(134,52),(139,196),(138,14),(140,224),(144,185),(143,63),(142,19),(145,125),(148,150),(156,168),(153,22),(157,205),(161,67),(158,174),(167,112),(166,158),(168,175),(170,26),(176,93),(182,128),(183,77),(181,183),(187,173),(189,53),(188,169),(191,132),(193,241),(194,199),(197,134),(196,189),(200,206),(198,2),(199,96),(201,209),(203,78),(202,227),(206,210),(214,86),(209,171),(212,231),(215,203),(216,218),(219,115),(217,211),(221,240),(223,129),(224,40),(222,226),(225,257),(229,12),(226,204),(234,219),(237,97),(242,58),(239,116),(244,230),(245,153),(248,17),(246,110),(247,239),(251,253),(256,146),(262,79),(263,272),(266,306),(265,263),(267,304),(268,293),(272,242),(275,76),(273,216),(271,269),(289,290),(284,188),(288,258),(290,282),(292,201),(291,71),(293,279),(294,265),(298,292),(297,68),(299,295),(309,207),(310,294),(315,316),(319,315),(318,247),(320,312),(324,37),(330,330),(334,277),(333,197),(336,291),(339,334),(343,43),(340,321),(346,348),(361,344),(362,299),(359,16),(363,362),(364,319),(366,339),(370,276),(369,27),(371,264),(373,87),(372,250),(368,317),(365,363),(358,366),(367,364),(356,367),(360,346),(355,370),(357,347),(353,350),(354,372),(352,349),(350,357),(351,368),(349,352),(347,365),(342,369),(348,358),(345,345),(344,341),(341,327),(338,354),(337,322),(335,267),(332,329),(327,361),(331,332),(326,326),(325,325),(329,320),(328,238),(323,107),(321,249),(322,314),(316,318),(317,359),(314,313),(313,351),(308,260),(312,356),(311,342),(307,233),(305,355),(306,236),(303,288),(302,323),(304,360),(301,305),(296,284),(300,353),(295,275),(287,297),(286,331),(283,302),(285,371),(282,283),(279,340),(281,301),(280,280),(278,287),(276,286),(277,278),(274,273),(270,270),(269,311),(264,303),(261,229),(260,108),(259,113),(258,126),(253,220),(257,261),(254,271),(249,373),(255,244),(252,251),(240,300),(250,256),(243,232),(241,165),(238,92),(235,186),(233,259),(236,281),(231,246),(232,337),(230,212),(227,268),(220,237),(228,298),(218,222),(213,228),(208,324),(211,248),(210,195),(207,221),(204,225),(205,252),(195,184),(190,328),(192,190),(186,177),(184,307),(185,179),(179,192),(180,335),(178,106),(175,89),(177,255),(174,75),(172,56),(173,285),(171,38),(169,182),(164,149),(165,215),(163,143),(159,333),(162,156),(160,162),(155,234),(154,164),(151,160),(152,308),(150,155),(147,343),(149,163),(146,135),(141,274),(137,154),(132,144),(133,336),(131,141),(124,266),(127,194),(125,133),(119,101),(122,139),(112,214),(111,243),(107,338),(105,117),(103,178),(99,262),(100,157),(98,124),(85,235),(84,49),(82,66),(83,44),(80,29),(81,296),(79,28),(77,254),(74,200),(68,82),(64,69),(60,84),(58,161),(52,102),(50,148),(48,130),(35,309),(39,245),(33,114),(32,85),(28,32),(24,98),(17,100),(13,142),(12,54),(6,152),(2,39);
(1,35),(8,8),(9,14),(16,16),(20,117),(24,225),(18,46),(25,22),(32,170),(27,17),(37,2),(40,28),(33,37),(44,38),(43,110),(45,25),(50,42),(53,218),(52,12),(68,21),(64,152),(69,23),(72,52),(91,90),(77,59),(93,3),(98,97),(97,19),(104,49),(102,104),(105,34),(111,44),(122,47),(117,173),(121,78),(127,64),(135,134),(128,55),(133,13),(141,10),(145,79),(144,11),(155,29),(149,111),(158,1),(161,138),(160,43),(168,20),(174,140),(169,207),(175,166),(172,32),(188,5),(187,156),(186,209),(189,66),(191,121),(190,180),(193,70),(197,183),(195,118),(194,72),(200,4),(202,172),(199,153),(204,196),(203,157),(205,36),(208,127),(206,230),(209,222),(211,195),(207,208),(210,24),(214,41),(213,212),(217,214),(215,165),(219,116),(222,150),(218,101),(223,6),(225,135),(224,224),(226,100),(227,171),(228,85),(231,265),(229,98),(233,62),(235,285),(234,136),(237,159),(236,206),(238,133),(240,231),(239,122),(243,241),(241,174),(242,131),(244,83),(246,92),(245,176),(247,108),(249,240),(248,125),(250,54),(252,257),(251,105),(254,65),(256,155),(255,201),(257,114),(258,7),(261,112),(259,179),(263,56),(266,57),(268,146),(267,45),(271,191),(273,273),(270,107),(272,126),(276,73),(274,220),(277,30),(280,95),(278,258),(279,189),(281,33),(284,236),(282,93),(283,58),(285,86),(287,213),(286,124),(289,185),(288,82),(291,94),(290,167),(292,120),(295,130),(293,113),(294,18),(297,71),(296,252),(298,9),(300,160),(299,67),(303,80),(302,248),(304,89),(305,77),(308,145),(307,175),(309,147),(310,237),(311,181),(306,50),(313,60),(312,203),(314,15),(316,68),(315,200),(317,40),(321,102),(319,158),(322,109),(323,51),(327,84),(324,228),(326,139),(331,227),(328,76),(335,31),(337,53),(339,63),(332,141),(338,75),(343,87),(342,202),(345,39),(347,142),(346,219),(349,74),(351,233),(350,91),(353,69),(352,232),(354,151),(355,26),(358,96),(356,128),(360,103),(357,154),(359,137),(361,88),(363,188),(362,132),(364,27),(366,221),(365,123),(368,48),(367,234),(369,81),(370,161),(371,61),(373,148),(372,361),(348,360),(344,330),(341,350),(336,239),(340,346),(333,338),(329,281),(325,255),(334,349),(330,342),(320,343),(301,326),(318,345),(275,373),(265,319),(264,267),(269,226),(262,277),(260,372),(232,367),(253,282),(230,369),(221,335),(216,229),(220,316),(212,365),(196,355),(201,259),(192,260),(198,313),(185,356),(183,193),(184,317),(182,243),(180,199),(179,192),(181,269),(178,321),(176,197),(177,302),(173,353),(167,312),(171,198),(170,216),(166,329),(164,210),(165,149),(159,187),(163,164),(162,337),(157,364),(153,293),(156,186),(154,251),(152,328),(150,182),(151,294),(148,352),(146,211),(147,327),(142,244),(143,262),(140,300),(139,235),(137,169),(138,238),(136,368),(132,268),(134,204),(131,280),(129,194),(130,298),(125,354),(126,250),(123,311),(119,253),(120,249),(124,190),(116,283),(118,272),(115,303),(113,261),(114,115),(112,296),(110,347),(107,129),(109,278),(108,309),(103,286),(106,223),(101,310),(100,274),(99,366),(95,324),(96,264),(92,306),(94,301),(90,358),(87,143),(89,287),(86,106),(88,275),(85,290),(83,279),(82,289),(84,119),(81,322),(79,284),(80,318),(75,348),(78,217),(76,297),(74,320),(71,178),(73,291),(70,362),(67,304),(66,295),(65,308),(63,314),(61,315),(62,168),(60,334),(58,99),(59,292),(56,270),(57,162),(55,323),(51,370),(47,271),(54,256),(48,266),(46,246),(49,325),(42,371),(39,333),(41,245),(38,359),(35,184),(36,276),(34,339),(31,340),(28,163),(29,254),(30,305),(26,344),(23,331),(22,351),(17,242),(21,332),(19,357),(13,341),(14,215),(15,144),(12,247),(11,363),(7,299),(10,177),(6,336),(4,205),(5,288),(3,307),(2,263);
(2,10),(22,21),(21,9),(10,3),(17,5),(27,8),(23,29),(32,46),(35,14),(37,1),(34,32),(36,20),(38,17),(43,31),(40,2),(48,7),(49,24),(47,79),(52,120),(50,35),(54,6),(53,68),(57,111),(58,74),(55,75),(63,45),(61,27),(65,54),(64,13),(66,56),(68,34),(67,15),(69,52),(70,12),(71,26),(74,37),(73,40),(72,47),(83,76),(90,81),(103,30),(93,83),(108,90),(113,41),(110,77),(115,88),(114,78),(117,91),(124,103),(126,92),(118,82),(128,89),(125,84),(127,87),(133,43),(130,71),(131,107),(134,109),(136,70),(135,148),(140,116),(139,4),(142,133),(145,125),(178,159),(187,110),(190,160),(192,192),(197,158),(201,197),(202,155),(199,67),(203,174),(206,105),(204,203),(210,199),(214,44),(216,195),(226,193),(224,166),(231,216),(234,115),(232,186),(243,69),(241,178),(245,164),(244,33),(246,206),(248,65),(247,184),(252,173),(249,73),(251,50),(250,102),(254,225),(258,176),(255,223),(259,222),(262,208),(261,123),(263,211),(265,224),(268,213),(269,177),(264,189),(271,157),(274,278),(277,138),(306,182),(279,145),(316,296),(329,284),(330,322),(333,180),(335,11),(332,267),(334,325),(339,272),(337,28),(340,306),(341,279),(390,346),(395,226),(400,300),(402,151),(418,371),(413,117),(404,64),(417,137),(419,378),(415,397),(416,382),(414,323),(411,299),(412,383),(410,263),(409,359),(408,260),(407,294),(406,227),(403,337),(399,302),(405,411),(401,364),(398,275),(393,292),(397,401),(396,417),(394,377),(392,304),(391,391),(388,347),(387,360),(389,414),(386,373),(384,390),(382,409),(385,380),(381,343),(383,374),(380,348),(379,366),(378,404),(377,350),(376,375),(375,345),(373,379),(374,349),(371,356),(372,395),(369,385),(370,353),(367,318),(366,362),(368,388),(365,369),(364,400),(361,392),(363,365),(362,308),(360,317),(359,336),(356,340),(357,403),(358,410),(354,387),(353,376),(355,329),(352,367),(351,303),(349,352),(350,384),(347,314),(348,408),(346,291),(345,293),(342,418),(344,290),(343,338),(338,285),(336,326),(328,334),(331,389),(327,324),(324,406),(326,331),(320,351),(322,333),(323,328),(321,327),(318,344),(319,386),(317,335),(325,310),(314,297),(315,416),(313,286),(311,307),(310,357),(312,419),(307,313),(309,320),(308,305),(305,258),(303,381),(304,274),(302,269),(300,311),(301,361),(299,282),(298,412),(297,232),(295,342),(296,309),(293,413),(294,339),(292,244),(290,330),(291,247),(289,190),(287,393),(288,207),(285,170),(284,250),(286,298),(282,281),(283,372),(281,201),(280,276),(278,147),(275,301),(276,240),(270,355),(267,332),(273,287),(272,219),(260,236),(266,264),(257,229),(253,315),(256,230),(242,198),(238,289),(239,261),(240,169),(237,141),(235,312),(236,146),(230,237),(233,254),(228,241),(229,321),(227,209),(225,200),(222,212),(223,259),(221,251),(220,217),(219,239),(217,407),(218,242),(215,179),(213,86),(211,243),(212,283),(209,204),(207,255),(208,210),(198,262),(200,246),(205,215),(196,183),(194,181),(195,268),(193,205),(191,238),(188,131),(186,156),(189,248),(185,165),(183,341),(184,218),(181,175),(182,319),(180,150),(175,394),(179,167),(176,256),(177,202),(174,162),(173,228),(170,398),(172,277),(171,185),(167,288),(169,235),(168,187),(166,152),(164,233),(165,399),(163,214),(162,153),(160,252),(161,154),(158,191),(159,265),(157,163),(155,270),(156,142),(153,221),(154,139),(151,132),(152,220),(150,143),(148,405),(149,171),(146,196),(147,249),(144,144),(141,316),(143,136),(138,129),(137,168),(132,135),(129,97),(122,121),(123,245),(121,101),(119,234),(120,114),(112,127),(116,280),(111,119),(109,100),(107,140),(105,368),(106,99),(102,108),(104,295),(101,96),(99,271),(98,396),(100,126),(96,149),(97,354),(95,95),(91,273),(94,128),(92,124),(89,104),(87,358),(88,93),(85,112),(84,122),(86,134),(82,113),(79,231),(80,161),(81,80),(77,85),(78,118),(76,63),(62,370),(75,72),(60,58),(59,130),(51,55),(56,188),(45,57),(46,253),(44,18),(41,61),(42,106),(39,42),(33,49),(29,60),(31,66),(30,172),(28,39),(25,38),(26,194),(24,53),(19,22),(20,257),(18,36),(16,25),(11,402),(15,59),(13,94),(14,48),(9,51),(12,16),(7,23),(8,266),(6,19),(4,415),(5,98),(3,62),(1,363);
(1,418),(2,99),(4,295),(3,186),(6,35),(9,132),(5,219),(8,230),(10,45),(14,252),(12,147),(11,24),(16,131),(13,25),(18,98),(15,313),(17,178),(19,31),(22,125),(24,161),(23,184),(26,134),(29,234),(25,82),(31,135),(28,292),(30,196),(32,111),(34,259),(33,155),(35,61),(38,13),(40,42),(42,176),(44,288),(43,194),(46,51),(49,169),(47,74),(51,157),(48,75),(52,79),(54,262),(53,96),(59,27),(56,320),(58,163),(60,87),(63,154),(62,65),(66,84),(64,289),(67,63),(70,80),(69,302),(71,43),(74,114),(72,286),(75,69),(78,137),(76,81),(81,64),(77,39),(84,33),(85,150),(82,280),(87,88),(86,190),(88,86),(90,241),(92,299),(89,133),(91,17),(94,70),(98,228),(95,94),(101,113),(99,273),(100,247),(102,58),(104,105),(103,266),(105,72),(108,167),(106,290),(109,108),(112,221),(110,118),(113,56),(116,309),(115,164),(114,103),(118,48),(120,192),(119,109),(122,78),(125,123),(124,199),(126,127),(128,177),(127,104),(130,41),(132,130),(129,144),(131,185),(134,59),(136,246),(135,138),(138,55),(139,145),(142,276),(140,165),(144,92),(143,248),(145,146),(146,182),(148,210),(147,170),(151,159),(152,207),(154,151),(149,162),(141,9),(158,12),(159,142),(161,296),(162,256),(160,193),(163,71),(165,264),(164,152),(166,89),(169,168),(168,115),(171,216),(172,322),(170,91),(174,117),(173,188),(175,141),(176,110),(179,243),(178,175),(177,19),(182,112),(181,258),(183,68),(185,183),(184,260),(186,122),(189,171),(188,278),(190,149),(193,97),(192,136),(191,202),(194,102),(198,124),(196,223),(195,233),(199,198),(201,218),(202,215),(200,200),(197,20),(206,18),(208,238),(207,67),(211,16),(216,187),(214,116),(215,46),(222,100),(218,166),(223,93),(230,49),(234,101),(228,22),(238,38),(242,73),(235,7),(247,4),(263,28),(258,83),(254,143),(250,201),(262,44),(269,8),(274,160),(271,14),(283,5),(280,172),(281,139),(286,21),(296,40),(285,126),(298,30),(303,34),(308,121),(312,174),(310,120),(306,47),(318,1),(322,11),(326,95),(324,3),(346,2),(354,53),(344,62),(352,57),(362,66),(359,54),(358,60),(355,36),(367,37),(365,107),(368,15),(376,52),(373,77),(379,32),(381,106),(380,253),(382,26),(389,29),(391,285),(390,156),(395,90),(401,209),(393,50),(399,6),(410,10),(409,158),(412,23),(419,129),(418,269),(417,224),(416,368),(414,325),(415,226),(413,357),(411,412),(407,353),(408,181),(406,410),(403,337),(404,308),(405,255),(402,376),(397,318),(400,271),(396,303),(398,179),(394,396),(387,239),(392,370),(385,344),(386,173),(388,76),(384,257),(383,366),(378,403),(375,267),(377,391),(371,349),(372,305),(374,214),(370,388),(366,231),(369,350),(360,393),(363,383),(364,378),(361,419),(353,284),(357,354),(351,300),(356,351),(350,372),(348,153),(349,379),(345,298),(347,398),(341,367),(343,323),(338,204),(342,338),(340,355),(336,189),(337,85),(335,180),(339,335),(334,386),(333,331),(331,270),(329,225),(332,301),(330,319),(325,213),(328,328),(327,385),(321,348),(323,220),(320,333),(319,279),(317,211),(316,316),(314,304),(315,119),(313,342),(309,327),(311,346),(307,402),(302,306),(305,148),(304,197),(301,312),(299,291),(300,373),(295,332),(297,212),(294,330),(292,191),(293,356),(290,287),(287,140),(289,254),(288,315),(282,229),(284,268),(291,399),(278,341),(279,251),(277,275),(276,389),(273,277),(275,272),(272,274),(270,334),(267,326),(268,244),(266,377),(261,324),(265,222),(264,235),(260,336),(256,364),(255,265),(259,240),(257,206),(253,321),(252,250),(251,362),(249,261),(246,205),(248,282),(245,340),(244,245),(241,217),(243,242),(240,339),(237,293),(239,345),(233,394),(232,237),(236,128),(231,232),(229,411),(226,227),(225,195),(224,263),(227,329),(220,375),(219,317),(221,236),(217,395),(213,347),(210,208),(212,307),(209,374),(203,203),(205,294),(204,397),(187,414),(167,371),(180,400),(157,416),(153,283),(156,314),(150,249),(155,404),(137,417),(123,381),(133,297),(121,390),(111,311),(117,360),(107,409),(93,343),(96,363),(97,387),(80,408),(83,352),(79,358),(73,415),(65,361),(61,369),(55,359),(68,384),(50,382),(45,365),(57,406),(41,405),(36,310),(39,380),(37,407),(21,392),(7,281),(20,401),(27,413);
(4,29),(1,55),(3,9),(5,24),(6,11),(9,123),(11,82),(10,149),(13,124),(12,23),(14,111),(16,25),(15,107),(18,102),(17,52),(19,95),(20,68),(21,17),(24,16),(22,33),(23,73),(27,48),(25,18),(26,8),(30,39),(29,13),(32,41),(31,7),(34,54),(36,238),(38,3),(37,129),(39,256),(40,212),(42,37),(41,125),(43,259),(45,181),(44,62),(46,227),(47,266),(49,100),(48,202),(51,174),(50,67),(52,264),(55,119),(53,234),(56,179),(60,14),(61,5),(59,63),(62,313),(64,209),(63,348),(67,299),(66,189),(69,218),(70,47),(68,2),(71,57),(80,173),(73,65),(75,26),(74,64),(77,122),(76,75),(78,126),(82,81),(85,85),(84,77),(79,58),(88,84),(86,35),(89,89),(87,114),(90,92),(91,116),(95,94),(93,15),(96,96),(98,6),(97,99),(100,59),(99,79),(101,117),(104,1),(103,69),(102,91),(106,120),(111,34),(105,93),(112,22),(108,127),(113,110),(116,115),(115,60),(117,118),(118,46),(119,121),(121,112),(120,19),(122,137),(124,87),(123,31),(125,134),(127,104),(126,61),(128,144),(130,43),(129,141),(131,88),(132,148),(137,136),(140,132),(138,36),(141,142),(146,140),(142,66),(143,78),(148,145),(149,98),(151,76),(150,147),(153,130),(152,51),(154,155),(156,38),(155,152),(161,133),(157,154),(162,165),(164,162),(167,103),(168,250),(172,12),(169,191),(170,175),(173,192),(175,109),(176,171),(174,176),(177,229),(180,106),(179,160),(178,244),(183,285),(181,198),(186,184),(182,225),(188,185),(192,44),(189,187),(193,197),(198,188),(197,135),(194,30),(199,199),(201,86),(200,156),(204,169),(203,186),(202,190),(206,205),(212,20),(207,204),(215,53),(208,194),(219,223),(230,220),(232,237),(231,40),(233,236),(236,252),(237,224),(239,245),(242,216),(240,151),(243,228),(241,241),(246,219),(238,49),(247,217),(249,210),(245,56),(250,240),(252,242),(254,139),(253,215),(255,248),(257,177),(256,214),(266,310),(260,83),(267,316),(270,28),(268,275),(274,276),(272,27),(275,278),(284,4),(276,251),(279,283),(288,97),(280,288),(293,74),(281,273),(283,286),(297,287),(294,289),(299,291),(300,180),(296,70),(301,206),(305,303),(310,269),(307,301),(320,274),(309,300),(324,321),(318,235),(325,331),(328,158),(326,308),(330,325),(329,90),(331,327),(333,50),(332,318),(339,337),(334,320),(346,351),(344,284),(349,364),(356,267),(351,339),(352,359),(357,352),(360,354),(358,32),(359,170),(361,349),(375,203),(374,253),(377,347),(385,21),(378,344),(380,329),(382,371),(384,257),(383,346),(386,379),(398,10),(387,374),(403,402),(399,164),(402,280),(406,399),(411,388),(408,161),(409,233),(412,412),(430,108),(413,398),(431,417),(425,420),(432,422),(436,309),(435,369),(438,410),(439,307),(455,442),(454,384),(456,446),(463,366),(465,377),(467,367),(464,461),(466,392),(462,390),(460,458),(461,394),(458,455),(459,459),(452,463),(457,450),(450,445),(453,453),(451,467),(448,421),(446,452),(449,400),(444,362),(447,375),(442,338),(445,378),(440,326),(443,447),(441,441),(434,372),(437,416),(429,427),(428,433),(433,456),(426,438),(427,435),(424,428),(422,424),(421,425),(423,464),(420,429),(419,437),(418,415),(417,439),(410,423),(416,430),(415,413),(407,414),(414,462),(405,403),(401,272),(404,406),(397,411),(376,443),(395,407),(400,408),(396,405),(394,393),(391,409),(392,397),(393,395),(381,418),(388,396),(389,401),(390,383),(371,373),(379,376),(373,330),(372,239),(369,381),(370,260),(367,333),(368,466),(366,314),(364,451),(365,342),(363,363),(355,358),(350,385),(362,454),(353,404),(354,434),(348,361),(347,391),(345,360),(341,365),(343,460),(340,336),(338,355),(342,432),(337,340),(335,449),(336,332),(323,334),(327,353),(321,328),(322,382),(319,323),(317,350),(316,317),(314,444),(315,319),(312,368),(313,312),(306,304),(308,345),(311,387),(303,282),(304,436),(302,295),(295,294),(291,297),(298,306),(290,296),(292,419),(289,293),(287,290),(282,431),(286,302),(277,335),(285,305),(273,279),(278,292),(271,277),(269,315),(265,324),(264,311),(261,281),(263,386),(262,341),(258,271),(251,389),(259,254),(248,247),(235,261),(244,370),(234,249),(228,222),(229,380),(227,226),(225,357),(226,265),(223,243),(224,343),(222,246),(220,440),(221,258),(218,232),(216,457),(217,263),(214,213),(209,356),(213,231),(211,208),(205,448),(210,211),(196,196),(191,465),(195,200),(187,193),(190,268),(185,207),(184,298),(171,182),(165,322),(166,178),(160,167),(163,201),(159,166),(147,153),(158,159),(145,150),(139,157),(144,183),(135,143),(136,255),(134,146),(133,172),(114,113),(109,131),(110,195),(107,128),(94,105),(92,138),(81,101),(83,230),(72,71),(65,426),(58,163),(54,221),(57,270),(35,262),(33,45),(28,42),(8,168),(7,72),(2,80);
(1,36),(7,6),(24,14),(16,23),(33,16),(57,59),(40,22),(51,7),(69,17),(67,54),(60,95),(73,50),(84,74),(99,107),(76,52),(92,5),(108,46),(105,71),(101,81),(120,92),(109,82),(116,3),(121,39),(129,118),(143,144),(153,143),(141,138),(144,13),(156,51),(157,11),(173,9),(180,62),(165,170),(181,70),(189,110),(193,164),(188,37),(199,8),(208,45),(206,198),(209,10),(231,1),(229,66),(234,12),(243,43),(240,155),(237,222),(242,115),(246,182),(245,255),(248,86),(250,215),(251,320),(249,101),(252,58),(256,217),(253,84),(261,102),(257,196),(263,98),(262,204),(264,38),(266,57),(267,91),(271,120),(272,127),(269,30),(276,119),(273,241),(277,94),(281,131),(280,226),(283,28),(284,223),(289,109),(285,189),(286,32),(293,63),(295,181),(292,134),(291,122),(296,206),(294,31),(300,27),(299,233),(301,19),(304,96),(303,157),(302,254),(305,78),(308,158),(309,176),(311,188),(306,87),(313,26),(316,111),(320,190),(318,132),(321,44),(325,146),(323,152),(326,156),(328,139),(330,304),(327,53),(333,40),(331,167),(332,137),(335,133),(336,174),(334,354),(338,33),(341,77),(340,142),(342,67),(344,355),(343,104),(348,197),(345,124),(349,35),(351,79),(350,161),(352,2),(356,89),(355,200),(358,216),(357,112),(361,48),(363,73),(360,80),(364,88),(367,277),(365,128),(372,97),(369,275),(371,191),(375,18),(378,55),(376,218),(377,160),(379,99),(381,183),(380,106),(384,24),(386,177),(385,83),(388,75),(389,61),(393,179),(391,76),(395,141),(394,306),(396,21),(398,201),(397,103),(401,68),(404,290),(402,90),(408,154),(403,65),(405,56),(411,4),(409,193),(413,130),(412,129),(415,25),(420,72),(417,147),(421,49),(423,159),(422,328),(424,34),(427,194),(425,85),(431,42),(430,178),(428,165),(433,232),(432,60),(436,171),(434,100),(437,29),(446,145),(445,169),(443,240),(447,114),(451,15),(452,93),(450,202),(453,69),(455,117),(454,269),(456,20),(461,221),(460,168),(457,47),(462,64),(465,41),(467,238),(466,387),(464,407),(463,459),(459,465),(449,234),(458,463),(444,457),(448,376),(442,431),(439,250),(441,396),(435,279),(438,353),(440,440),(426,460),(419,373),(429,394),(414,356),(418,402),(416,418),(407,438),(410,340),(400,351),(406,371),(399,466),(382,464),(392,382),(374,375),(387,385),(383,404),(390,393),(370,442),(373,372),(368,437),(359,342),(366,364),(354,314),(362,398),(346,467),(337,424),(347,349),(353,302),(339,406),(329,444),(319,391),(322,330),(324,257),(317,443),(314,263),(315,360),(310,392),(307,311),(312,462),(298,461),(290,458),(287,368),(288,288),(297,280),(278,276),(282,289),(279,449),(270,283),(275,274),(268,259),(274,426),(265,455),(255,415),(260,260),(258,285),(259,281),(254,447),(244,456),(241,324),(247,258),(238,346),(236,297),(233,244),(232,292),(235,293),(239,379),(228,448),(230,195),(227,341),(225,278),(226,405),(221,433),(224,294),(223,203),(217,224),(222,225),(220,299),(219,266),(216,253),(218,284),(215,427),(212,326),(214,213),(211,312),(210,414),(207,247),(213,209),(204,264),(205,205),(201,267),(200,296),(203,249),(202,411),(197,343),(198,235),(195,270),(196,273),(194,422),(191,377),(192,192),(190,362),(187,339),(183,212),(185,282),(186,313),(184,400),(182,374),(179,357),(178,242),(175,123),(177,261),(176,435),(174,307),(171,243),(172,291),(170,452),(168,172),(169,321),(166,287),(167,303),(163,305),(162,248),(164,395),(160,381),(158,300),(161,227),(159,229),(155,453),(152,310),(154,153),(151,383),(149,150),(150,318),(148,409),(146,148),(147,384),(142,265),(145,365),(139,436),(137,295),(140,140),(138,185),(135,327),(136,151),(134,416),(132,309),(133,228),(131,345),(130,429),(127,370),(126,334),(128,125),(125,423),(122,121),(124,338),(123,417),(119,412),(115,214),(117,316),(118,441),(114,439),(112,271),(113,113),(111,350),(107,231),(110,361),(106,454),(102,230),(104,184),(100,173),(103,315),(98,378),(97,332),(95,237),(93,220),(94,239),(96,337),(91,446),(89,301),(90,180),(88,331),(86,162),(87,329),(83,344),(85,219),(82,403),(79,389),(80,245),(81,116),(78,419),(75,358),(77,208),(74,421),(72,410),(68,163),(66,199),(71,352),(70,420),(65,450),(63,325),(64,262),(62,319),(59,236),(61,363),(56,347),(58,380),(54,428),(55,187),(53,413),(48,149),(49,211),(52,367),(50,388),(46,397),(47,108),(45,408),(43,323),(44,126),(42,399),(41,425),(37,186),(38,251),(39,317),(36,430),(34,256),(35,390),(30,401),(32,333),(31,348),(29,359),(26,105),(27,252),(28,322),(25,445),(23,286),(21,136),(22,246),(20,451),(17,272),(19,268),(18,210),(15,369),(12,175),(14,308),(13,386),(8,135),(11,298),(10,336),(6,207),(9,335),(4,434),(3,366),(5,166),(2,432);
(1,6),(3,43),(2,47),(5,138),(6,163),(7,252),(10,110),(9,166),(12,337),(13,156),(14,72),(11,79),(18,13),(17,32),(20,45),(16,48),(15,241),(19,314),(25,309),(24,75),(21,143),(23,59),(22,37),(26,78),(29,5),(27,68),(28,287),(32,180),(31,135),(30,49),(33,165),(35,2),(34,91),(36,256),(38,71),(37,76),(41,31),(39,54),(40,206),(43,118),(45,11),(42,190),(44,164),(46,9),(47,22),(50,105),(48,52),(49,240),(53,96),(51,27),(54,67),(52,171),(56,216),(57,29),(55,4),(58,30),(61,26),(62,33),(59,56),(64,80),(60,69),(66,182),(63,12),(65,124),(68,40),(67,81),(69,186),(71,21),(70,172),(74,147),(72,3),(73,50),(75,149),(78,18),(76,127),(80,44),(77,77),(79,1),(81,66),(83,73),(82,108),(85,103),(84,19),(86,107),(90,178),(89,51),(92,98),(91,200),(94,258),(96,177),(95,113),(98,132),(97,34),(99,126),(101,109),(100,8),(102,104),(109,102),(104,119),(105,148),(107,153),(111,117),(112,131),(114,130),(110,39),(115,123),(117,345),(121,340),(120,129),(119,10),(122,353),(124,376),(126,157),(123,20),(127,134),(125,101),(129,230),(128,99),(130,259),(132,160),(131,57),(133,167),(135,298),(134,23),(136,330),(138,207),(137,24),(139,380),(142,83),(141,223),(140,284),(144,245),(143,112),(146,202),(145,41),(147,355),(149,84),(148,332),(151,367),(150,15),(152,359),(154,35),(153,227),(157,114),(155,246),(156,384),(160,385),(159,146),(158,42),(161,342),(163,28),(162,194),(166,95),(165,145),(164,191),(167,395),(168,159),(169,265),(176,152),(172,218),(186,199),(181,61),(187,196),(191,213),(195,242),(199,155),(194,38),(200,175),(201,209),(204,174),(207,14),(205,187),(211,234),(210,173),(213,270),(220,237),(216,128),(222,285),(224,82),(223,189),(227,250),(230,121),(229,198),(232,231),(236,86),(233,208),(237,261),(244,53),(239,204),(240,271),(245,244),(242,116),(246,226),(251,85),(247,217),(254,321),(252,88),(253,179),(255,290),(258,292),(257,184),(256,63),(259,289),(261,225),(260,89),(262,315),(264,64),(263,260),(266,141),(265,25),(267,238),(272,247),(277,120),(270,100),(279,122),(281,197),(285,144),(282,233),(287,299),(288,154),(286,16),(289,168),(291,293),(294,193),(295,228),(298,170),(297,58),(299,255),(301,294),(305,87),(302,248),(303,291),(307,323),(306,176),(312,181),(309,192),(308,283),(313,297),(316,269),(315,36),(317,307),(319,46),(318,296),(321,303),(322,229),(320,142),(323,272),(325,93),(324,183),(327,140),(328,7),(326,281),(329,211),(330,331),(334,55),(335,115),(332,195),(331,325),(333,320),(337,327),(340,232),(336,90),(341,263),(339,137),(343,375),(344,222),(342,70),(345,295),(347,17),(346,341),(350,264),(348,74),(351,288),(349,300),(362,369),(367,362),(375,365),(371,139),(380,351),(384,356),(395,361),(386,317),(394,352),(399,161),(396,390),(401,391),(405,162),(403,282),(402,382),(408,402),(407,65),(409,413),(411,398),(410,111),(412,388),(413,393),(415,279),(414,62),(416,421),(418,364),(417,92),(419,389),(426,94),(420,373),(422,366),(425,431),(429,125),(427,336),(428,414),(431,333),(430,412),(432,377),(434,262),(433,97),(435,408),(463,441),(476,273),(465,438),(503,437),(480,440),(483,471),(500,461),(506,455),(498,466),(495,467),(497,478),(509,476),(504,417),(508,464),(513,481),(516,185),(514,460),(518,439),(519,357),(515,60),(520,424),(511,509),(517,493),(521,492),(512,511),(507,517),(510,488),(502,503),(505,497),(499,495),(501,510),(493,505),(496,485),(494,484),(492,521),(491,470),(489,519),(490,482),(485,491),(487,494),(488,518),(486,514),(481,457),(484,507),(479,475),(482,483),(478,456),(475,472),(477,499),(473,450),(474,500),(471,444),(472,506),(469,453),(470,502),(468,490),(467,469),(464,452),(462,463),(466,520),(461,458),(460,489),(458,516),(459,477),(455,515),(457,462),(456,436),(453,432),(454,498),(452,442),(451,487),(449,447),(450,501),(447,427),(445,448),(448,468),(446,508),(444,465),(442,496),(443,449),(440,420),(441,451),(439,454),(437,479),(436,504),(438,443),(421,429),(424,434),(423,433),(400,401),(404,410),(398,397),(391,426),(406,416),(397,423),(390,473),(392,445),(389,411),(388,407),(393,392),(387,363),(383,381),(385,422),(382,435),(379,329),(381,474),(378,348),(377,396),(372,513),(376,378),(370,486),(373,430),(374,379),(369,372),(366,459),(368,371),(364,406),(365,383),(361,394),(360,404),(359,425),(363,446),(358,428),(356,339),(357,480),(355,347),(354,418),(338,399),(352,415),(353,403),(314,304),(311,354),(310,335),(296,305),(304,370),(292,277),(300,276),(293,239),(290,346),(283,249),(280,203),(284,326),(278,150),(274,311),(276,324),(275,400),(273,243),(268,274),(271,344),(269,308),(249,349),(250,266),(243,275),(238,278),(248,368),(235,286),(241,343),(231,257),(228,267),(234,386),(226,236),(221,328),(225,409),(219,316),(218,350),(217,253),(215,338),(209,319),(214,334),(212,251),(208,214),(203,188),(206,419),(202,201),(197,322),(198,205),(193,301),(196,235),(189,306),(192,268),(190,219),(185,215),(188,313),(184,220),(180,512),(183,280),(182,221),(177,358),(178,318),(179,210),(174,254),(175,224),(170,310),(171,302),(173,405),(118,374),(116,387),(113,133),(106,158),(108,212),(103,106),(93,312),(88,169),(87,136),(8,360),(4,151);
(1,22),(11,104),(3,30),(17,12),(32,40),(21,19),(29,14),(48,35),(53,58),(44,9),(64,2),(68,57),(65,94),(72,67),(88,91),(77,72),(92,5),(99,98),(101,181),(97,13),(103,26),(109,45),(117,81),(123,112),(113,54),(116,63),(111,11),(145,23),(133,127),(149,8),(155,114),(152,41),(168,20),(165,64),(177,24),(185,155),(201,138),(187,148),(180,38),(195,1),(216,16),(212,105),(217,18),(226,3),(247,6),(248,136),(236,254),(252,101),(260,15),(261,103),(257,218),(264,29),(268,164),(265,273),(271,250),(272,257),(274,242),(267,253),(269,124),(273,56),(278,44),(279,146),(277,276),(280,88),(282,113),(284,228),(283,106),(288,145),(290,203),(286,73),(295,33),(292,307),(294,125),(298,256),(296,151),(297,118),(304,262),(302,219),(303,221),(301,80),(310,79),(307,202),(311,99),(312,207),(313,117),(316,314),(314,179),(315,59),(328,55),(320,212),(319,226),(323,215),(318,324),(324,197),(326,196),(325,328),(327,142),(330,131),(329,182),(331,135),(333,75),(332,224),(334,68),(339,183),(337,300),(340,129),(345,313),(343,223),(342,177),(347,78),(346,286),(350,170),(349,241),(351,120),(348,173),(353,17),(357,193),(355,34),(363,96),(359,186),(362,121),(367,42),(370,141),(366,355),(368,294),(371,66),(374,50),(377,87),(375,318),(376,210),(378,27),(379,167),(382,366),(380,163),(381,190),(383,187),(384,61),(387,140),(385,84),(390,85),(392,126),(389,266),(394,227),(391,216),(393,51),(397,198),(399,291),(395,90),(400,37),(401,153),(403,275),(402,70),(407,28),(411,62),(410,110),(405,270),(412,49),(416,74),(418,89),(415,269),(417,150),(421,69),(420,236),(422,97),(425,65),(427,230),(426,375),(428,143),(430,374),(429,184),(433,86),(435,123),(434,217),(436,144),(438,258),(437,137),(442,83),(440,252),(443,36),(446,214),(444,77),(455,25),(451,108),(453,302),(452,160),(454,60),(459,76),(457,122),(460,82),(458,232),(461,95),(463,340),(462,206),(464,39),(467,297),(465,116),(469,43),(468,239),(470,48),(472,287),(471,130),(475,132),(474,176),(476,93),(483,159),(479,115),(481,71),(484,10),(489,31),(487,100),(485,178),(490,46),(493,152),(491,403),(494,32),(496,92),(498,345),(497,201),(499,180),(504,247),(503,192),(501,205),(500,52),(507,4),(511,282),(510,147),(508,47),(512,7),(515,111),(514,235),(516,21),(521,169),(519,246),(517,222),(520,370),(518,519),(509,477),(513,416),(505,507),(506,321),(502,512),(495,502),(492,498),(488,513),(482,259),(486,465),(478,474),(480,327),(477,483),(466,333),(473,520),(456,521),(450,482),(449,463),(447,233),(448,476),(441,505),(432,428),(445,185),(431,434),(439,506),(424,508),(419,346),(423,497),(409,413),(413,454),(414,468),(408,475),(404,388),(406,456),(398,510),(373,381),(396,399),(386,389),(369,369),(388,485),(361,517),(365,406),(372,319),(364,385),(358,338),(360,359),(356,480),(352,290),(354,486),(341,491),(344,420),(336,490),(338,317),(335,518),(321,515),(317,493),(322,501),(308,470),(309,336),(306,509),(300,354),(305,299),(299,335),(293,504),(289,310),(291,438),(285,312),(287,365),(281,514),(275,462),(270,396),(266,337),(276,489),(262,516),(263,430),(258,499),(259,255),(256,431),(254,329),(255,267),(253,360),(250,407),(251,264),(245,260),(249,274),(246,464),(242,293),(243,278),(241,295),(244,245),(239,306),(240,238),(238,280),(234,237),(237,285),(235,400),(232,380),(229,292),(231,311),(230,243),(227,281),(225,367),(228,288),(233,415),(223,449),(221,402),(222,271),(224,53),(220,393),(218,220),(219,433),(215,446),(214,339),(210,213),(209,209),(211,289),(213,309),(207,384),(205,349),(208,315),(204,323),(206,392),(202,424),(200,303),(203,139),(199,341),(197,325),(198,200),(196,409),(193,401),(194,244),(192,377),(191,352),(190,455),(188,234),(189,467),(184,361),(186,263),(183,373),(181,195),(182,296),(179,466),(176,348),(178,156),(175,427),(172,351),(174,175),(173,249),(171,445),(169,189),(170,362),(167,459),(164,316),(166,162),(162,469),(163,265),(161,478),(159,322),(160,133),(158,494),(156,261),(154,350),(157,378),(150,500),(153,225),(151,391),(147,432),(148,172),(146,496),(143,386),(144,231),(142,461),(140,157),(141,372),(138,320),(139,383),(132,171),(137,326),(135,358),(131,279),(134,371),(136,458),(128,447),(130,331),(129,343),(127,484),(126,394),(122,128),(124,277),(125,426),(121,492),(119,119),(120,397),(115,448),(118,305),(114,487),(110,304),(112,429),(107,442),(108,134),(106,410),(105,283),(104,411),(100,342),(102,165),(98,471),(95,364),(96,199),(94,460),(91,390),(93,154),(90,435),(87,419),(89,248),(86,417),(84,194),(85,357),(82,347),(83,166),(81,479),(79,422),(80,272),(78,451),(76,503),(74,191),(75,368),(73,425),(71,488),(69,109),(70,344),(67,452),(63,149),(66,379),(61,412),(62,251),(60,332),(58,168),(59,414),(56,472),(57,211),(55,356),(52,334),(54,404),(49,495),(51,301),(50,382),(47,473),(45,268),(43,107),(46,405),(42,395),(40,240),(38,158),(39,308),(41,363),(37,443),(35,457),(36,174),(34,444),(31,421),(33,353),(30,437),(27,298),(28,418),(26,436),(23,229),(25,408),(24,439),(19,511),(20,398),(22,188),(18,481),(15,387),(16,208),(14,423),(10,102),(12,284),(13,450),(9,453),(5,204),(4,161),(7,330),(6,376),(8,440),(2,441)