(1,1),(2,2),(5,4),(3,3),(4,5);
(1,4),(2,2),(4,1),(5,3),(3,5);
(1,7),(3,1),(2,6),(4,4),(7,2),(5,5),(6,3);
(1,2),(5,1),(7,3),(6,7),(3,6),(4,4),(2,5);
(6,5),(10,8),(9,3),(11,10),(8,7),(2,2),(7,11),(4,6),(5,9),(3,4),(1,1);
(4,4),(1,3),(2,11),(11,10),(10,1),(3,2),(5,5),(6,6),(9,8),(7,7),(8,9);
(1,4),(8,8),(4,6),(12,12),(3,2),(13,13),(7,3),(6,1),(14,14),(11,7),(16,16),(17,17),(10,11),(15,15),(9,10),(2,5),(5,9);
(1,2),(15,1),(12,6),(8,8),(11,7),(9,10),(13,5),(10,12),(14,3),(17,4),(16,16),(3,17),(4,13),(6,11),(5,14),(7,9),(2,15);
(2,2),(3,5),(7,6),(14,1),(6,7),(12,11),(13,13),(18,17),(22,21),(20,8),(19,3),(23,22),(16,16),(21,23),(17,18),(15,15),(11,12),(5,19),(4,20),(9,14),(10,10),(8,9),(1,4);
(2,3),(1,22),(23,23),(22,1),(3,2),(4,4),(11,7),(15,9),(6,5),(12,10),(16,13),(19,18),(21,21),(20,20),(5,16),(18,19),(17,15),(13,14),(10,17),(14,12),(8,8),(9,11),(7,6);
(7,3),(5,4),(9,11),(17,18),(23,22),(18,16),(11,10),(13,7),(12,9),(14,12),(22,15),(16,14),(26,23),(21,19),(27,26),(29,20),(28,27),(24,25),(20,28),(25,24),(10,13),(15,21),(19,29),(6,6),(2,2),(3,5),(8,17),(4,8),(1,1);
(2,3),(1,28),(27,29),(29,26),(28,1),(7,2),(3,4),(14,10),(11,5),(13,7),(21,20),(25,13),(23,24),(26,19),(22,27),(24,18),(18,23),(15,25),(20,21),(19,17),(17,14),(8,16),(12,15),(16,12),(10,8),(4,6),(6,11),(9,22),(5,9);
(1,1),(14,5),(4,2),(11,10),(19,17),(20,15),(21,20),(26,26),(25,22),(27,27),(37,11),(29,24),(28,28),(36,34),(33,32),(35,36),(31,37),(34,35),(15,14),(32,33),(23,30),(17,29),(30,31),(9,8),(24,25),(13,18),(18,21),(22,23),(16,16),(7,6),(12,13),(5,4),(8,12),(10,19),(6,7),(3,3),(2,9);
(2,3),(1,36),(36,37),(37,1),(3,2),(10,6),(13,5),(9,8),(17,17),(20,19),(15,11),(19,15),(29,26),(22,16),(30,27),(34,10),(31,23),(32,30),(35,34),(21,18),(33,35),(28,28),(26,31),(24,32),(27,29),(25,24),(18,21),(16,20),(23,22),(12,13),(8,7),(4,4),(7,14),(14,33),(6,12),(11,25),(5,9);
(1,1),(14,6),(3,2),(7,7),(9,10),(19,8),(35,3),(10,11),(23,17),(21,20),(26,28),(33,24),(30,26),(29,27),(36,37),(39,12),(37,29),(38,39),(40,41),(43,40),(45,46),(47,38),(46,47),(42,45),(44,44),(28,34),(41,42),(34,36),(32,32),(25,33),(18,35),(31,31),(27,30),(24,25),(17,16),(22,23),(11,21),(20,22),(16,15),(12,18),(15,14),(6,9),(13,43),(8,19),(5,5),(2,4),(4,13);
(3,2),(14,6),(9,10),(13,8),(20,4),(12,9),(21,15),(18,16),(24,23),(17,21),(22,22),(4,17),(15,20),(19,19),(16,12),(7,11),(6,14),(8,18),(5,13),(10,7),(11,5),(2,3),(1,46),(45,47),(36,37),(41,43),(26,35),(32,38),(39,41),(27,30),(23,27),(33,34),(25,25),(38,39),(29,28),(28,24),(30,29),(40,40),(37,36),(34,33),(35,32),(31,26),(42,42),(44,31),(43,44),(46,45),(47,1);
(2,1),(5,8),(22,4),(14,6),(28,3),(10,7),(13,11),(18,15),(23,12),(21,17),(46,21),(33,19),(17,18),(24,22),(34,31),(26,24),(27,26),(35,32),(48,41),(42,37),(41,40),(52,47),(49,39),(53,48),(44,43),(50,50),(58,55),(57,49),(59,59),(32,56),(47,57),(55,58),(56,54),(54,53),(45,51),(51,52),(43,42),(38,46),(15,38),(36,45),(39,44),(40,36),(9,33),(31,35),(37,34),(30,29),(25,27),(29,28),(20,20),(19,25),(16,16),(12,10),(7,9),(11,23),(8,13),(3,5),(6,30),(4,14),(1,2);
(3,2),(21,6),(27,7),(7,4),(15,9),(16,16),(46,5),(22,14),(20,17),(18,18),(24,25),(29,28),(41,27),(26,29),(23,24),(19,21),(12,10),(17,19),(33,50),(13,12),(14,22),(25,54),(10,11),(8,20),(9,15),(4,26),(6,13),(5,23),(11,8),(2,3),(1,59),(57,58),(37,51),(52,56),(38,46),(28,37),(34,42),(47,52),(30,31),(45,30),(31,32),(39,39),(42,34),(40,40),(53,43),(43,41),(44,44),(51,48),(54,45),(50,35),(55,47),(49,49),(32,33),(35,36),(36,38),(48,53),(56,57),(59,55),(58,1);
(4,8),(7,7),(5,10),(10,13),(14,16),(21,3),(16,17),(24,4),(29,2),(23,6),(19,15),(26,9),(15,19),(18,11),(12,22),(25,24),(33,27),(42,29),(37,33),(44,38),(47,20),(45,35),(48,45),(55,61),(57,52),(68,55),(70,44),(69,57),(71,60),(60,53),(61,56),(67,63),(65,64),(64,71),(54,69),(62,70),(63,67),(66,62),(59,54),(56,58),(58,68),(50,50),(53,66),(51,59),(52,65),(49,48),(46,40),(35,49),(41,43),(27,47),(3,51),(30,46),(43,42),(39,37),(32,41),(40,36),(34,34),(28,39),(38,30),(36,28),(17,23),(31,31),(22,26),(20,25),(9,21),(13,18),(11,14),(6,12),(2,5),(8,32),(1,1);
(2,3),(1,70),(70,71),(71,1),(3,2),(6,6),(11,9),(30,8),(8,10),(18,13),(9,11),(22,20),(35,15),(25,19),(27,24),(29,30),(36,35),(38,32),(34,7),(39,38),(64,4),(40,37),(49,42),(41,41),(50,45),(44,43),(47,48),(52,52),(67,12),(51,55),(59,51),(58,57),(65,63),(61,58),(66,64),(68,67),(62,31),(69,69),(55,54),(60,62),(63,65),(57,60),(54,61),(56,56),(46,68),(53,59),(48,50),(42,49),(45,46),(15,66),(43,47),(37,36),(33,33),(32,40),(16,26),(31,39),(28,29),(26,22),(23,27),(24,23),(20,21),(21,28),(19,18),(14,16),(17,53),(13,14),(7,34),(10,25),(4,44),(12,17),(5,5);
(7,4),(2,1),(38,8),(11,3),(6,2),(9,7),(12,11),(19,19),(15,10),(22,22),(20,23),(26,26),(25,20),(29,27),(27,13),(35,28),(28,17),(32,36),(39,31),(48,32),(78,30),(37,33),(34,38),(41,37),(50,44),(82,49),(55,45),(53,54),(61,57),(77,56),(62,58),(71,66),(70,61),(75,70),(68,68),(80,76),(76,63),(83,81),(64,83),(73,82),(79,78),(57,79),(43,80),(81,77),(69,72),(72,73),(66,67),(74,69),(63,59),(54,55),(59,62),(60,65),(65,71),(67,74),(56,60),(58,64),(51,51),(42,75),(52,48),(46,50),(44,52),(49,46),(45,43),(36,47),(47,42),(40,39),(33,41),(31,34),(24,40),(16,53),(30,29),(23,25),(17,24),(21,21),(13,14),(18,18),(10,9),(5,12),(4,16),(14,35),(3,15),(8,6),(1,5);
(2,3),(1,83),(83,82),(82,1),(3,2),(4,4),(23,8),(5,5),(17,9),(58,13),(34,11),(42,14),(25,10),(16,15),(33,25),(45,20),(32,26),(43,39),(38,30),(47,44),(50,37),(52,34),(57,33),(81,16),(53,36),(77,23),(56,35),(51,38),(48,43),(61,60),(55,50),(67,66),(70,62),(71,65),(78,74),(75,67),(72,59),(80,77),(73,79),(69,81),(60,73),(26,68),(59,72),(64,75),(68,80),(76,78),(79,76),(74,69),(63,71),(66,70),(65,64),(37,58),(62,63),(54,51),(27,46),(28,47),(39,53),(46,56),(29,57),(41,55),(35,52),(40,54),(31,49),(24,45),(49,48),(44,42),(36,31),(22,19),(20,29),(30,40),(19,28),(21,21),(15,17),(8,61),(14,22),(11,32),(9,41),(12,27),(13,18),(7,24),(18,12),(10,7),(6,6);
(2,1),(15,6),(7,3),(17,14),(6,4),(19,23),(23,18),(21,7),(20,11),(18,5),(26,10),(22,21),(16,26),(29,30),(27,25),(36,36),(33,19),(31,16),(30,15),(57,37),(41,24),(34,22),(40,50),(42,45),(47,38),(48,46),(54,47),(58,44),(67,34),(90,8),(52,51),(55,56),(65,54),(80,48),(56,58),(62,63),(71,67),(81,66),(72,68),(77,74),(93,69),(86,35),(94,70),(69,76),(83,75),(97,72),(74,77),(76,81),(78,82),(89,83),(95,96),(92,92),(82,95),(96,97),(61,93),(84,94),(91,88),(88,86),(85,85),(70,89),(79,90),(64,91),(75,87),(87,84),(68,80),(28,73),(66,79),(73,71),(59,61),(60,65),(53,59),(43,64),(50,60),(44,62),(63,55),(49,57),(51,53),(46,42),(24,78),(45,43),(39,52),(38,41),(35,49),(37,39),(32,32),(25,29),(14,27),(13,17),(10,40),(11,31),(12,13),(8,12),(9,9),(3,2),(5,33),(1,20),(4,28);
(3,2),(55,6),(6,4),(62,9),(15,5),(13,11),(29,21),(16,13),(11,10),(8,14),(9,16),(24,20),(22,27),(27,23),(44,8),(31,31),(63,37),(36,32),(42,36),(93,57),(37,34),(56,46),(38,35),(52,48),(41,38),(46,47),(35,45),(32,40),(34,43),(43,44),(33,33),(39,41),(30,30),(17,52),(40,12),(21,29),(28,24),(26,26),(4,42),(25,25),(7,39),(20,28),(23,22),(19,19),(10,17),(12,18),(5,15),(14,7),(1,3),(2,95),(18,97),(95,96),(64,86),(47,82),(61,85),(83,91),(68,78),(51,63),(82,90),(91,93),(84,87),(94,94),(67,75),(48,59),(70,76),(57,66),(65,73),(87,89),(81,84),(88,80),(79,81),(75,74),(76,70),(72,72),(74,69),(69,71),(73,68),(58,61),(50,50),(45,56),(49,49),(60,54),(59,53),(66,58),(53,51),(54,55),(71,67),(89,60),(80,64),(90,62),(77,65),(78,79),(92,77),(85,83),(86,88),(96,92),(97,1);
(41,1),(3,3),(4,12),(17,5),(89,4),(16,6),(68,8),(110,9),(23,7),(8,10),(25,15),(42,21),(20,14),(12,13),(18,20),(24,23),(38,29),(48,28),(33,30),(40,31),(65,25),(37,32),(45,35),(101,39),(86,38),(31,34),(62,45),(83,46),(70,49),(53,51),(61,57),(58,53),(75,64),(59,54),(79,71),(71,62),(80,72),(88,67),(77,74),(82,76),(84,75),(81,77),(100,81),(85,78),(91,82),(108,95),(99,90),(111,109),(109,94),(113,113),(94,111),(112,112),(107,104),(102,108),(106,103),(92,106),(103,102),(60,105),(1,110),(105,101),(96,97),(93,96),(104,99),(98,89),(90,98),(95,92),(97,87),(87,80),(78,79),(76,70),(67,63),(74,88),(69,73),(72,86),(66,61),(54,83),(63,66),(64,59),(57,55),(55,68),(56,58),(52,52),(50,69),(49,85),(51,50),(73,48),(46,41),(36,84),(44,47),(43,43),(47,40),(35,42),(39,65),(34,37),(29,33),(32,100),(30,56),(28,36),(22,91),(15,107),(21,93),(27,44),(26,24),(19,22),(13,16),(11,27),(14,60),(10,17),(7,26),(9,18),(6,11),(5,19),(2,2);
(3,2),(9,32),(13,5),(17,8),(58,6),(38,7),(14,9),(25,12),(64,16),(49,14),(72,17),(15,11),(24,22),(31,28),(32,27),(33,30),(50,38),(43,35),(47,52),(56,40),(48,51),(52,60),(55,43),(53,55),(45,96),(51,65),(46,49),(42,36),(40,39),(44,54),(39,42),(36,53),(35,58),(37,47),(41,34),(30,29),(28,26),(34,48),(29,31),(26,24),(23,25),(27,46),(22,20),(19,57),(16,101),(20,41),(21,21),(18,15),(12,13),(10,37),(7,23),(8,45),(11,87),(6,18),(4,44),(5,19),(2,3),(1,113),(111,112),(98,108),(97,104),(81,100),(95,103),(96,99),(79,94),(68,86),(78,93),(94,98),(84,89),(89,92),(76,76),(63,79),(80,110),(69,90),(60,74),(66,77),(75,75),(67,68),(62,59),(57,80),(61,63),(59,56),(54,50),(65,62),(70,70),(82,33),(71,67),(73,72),(77,71),(85,66),(74,73),(83,83),(86,88),(90,81),(87,78),(92,82),(88,85),(91,95),(100,102),(93,64),(101,97),(106,69),(104,84),(99,107),(102,109),(107,106),(105,91),(108,111),(113,105),(112,4),(109,10),(103,61),(110,1);
(15,1),(5,4),(20,6),(12,5),(13,8),(76,16),(16,9),(24,14),(3,3),(21,20),(35,15),(19,21),(30,25),(34,23),(29,27),(32,26),(39,32),(33,19),(46,39),(43,29),(49,40),(73,33),(45,42),(63,38),(44,43),(48,44),(58,55),(70,52),(59,56),(64,58),(77,69),(67,61),(60,62),(61,63),(79,74),(74,22),(81,83),(91,11),(82,76),(89,89),(94,87),(101,88),(90,90),(115,93),(97,91),(99,100),(114,101),(116,102),(109,104),(96,99),(107,105),(118,117),(126,71),(119,118),(129,124),(125,97),(130,126),(128,103),(131,131),(127,123),(124,128),(123,122),(112,112),(122,127),(121,130),(117,120),(100,125),(83,129),(113,121),(111,111),(120,119),(110,110),(103,114),(106,108),(104,113),(108,109),(105,107),(102,106),(95,98),(98,115),(93,92),(88,116),(92,95),(87,86),(84,96),(85,85),(75,94),(86,84),(66,81),(78,82),(80,75),(68,70),(72,79),(56,80),(71,78),(50,73),(69,77),(65,66),(14,67),(57,65),(62,59),(54,53),(55,57),(51,64),(52,60),(53,50),(47,45),(4,72),(37,51),(42,48),(41,35),(36,47),(40,30),(31,49),(38,34),(27,31),(28,46),(26,28),(22,41),(23,36),(18,54),(25,24),(11,18),(17,17),(9,10),(7,13),(8,37),(10,68),(6,7),(2,12),(1,2);
(3,3),(1,18),(2,131),(131,130),(130,1),(4,2),(15,9),(5,4),(19,14),(22,15),(25,20),(27,11),(26,24),(33,19),(37,8),(32,22),(35,38),(40,25),(42,17),(47,5),(38,31),(44,36),(41,37),(43,43),(55,57),(58,46),(46,16),(63,58),(54,35),(65,63),(74,56),(77,48),(71,67),(79,54),(88,39),(81,51),(75,62),(85,55),(91,42),(82,64),(83,70),(80,59),(73,69),(86,90),(99,89),(103,88),(96,92),(107,97),(121,53),(108,94),(117,98),(112,96),(113,100),(93,91),(100,99),(114,104),(129,102),(123,105),(110,108),(109,110),(127,115),(116,112),(94,113),(120,119),(128,129),(125,127),(118,126),(104,128),(124,125),(92,123),(119,124),(122,122),(115,118),(87,121),(95,120),(111,117),(102,116),(90,114),(126,103),(101,107),(106,106),(105,101),(89,95),(97,109),(84,87),(76,79),(98,111),(78,82),(69,80),(68,83),(34,93),(61,85),(72,78),(70,61),(66,76),(64,73),(57,86),(62,75),(49,77),(50,84),(21,45),(48,81),(51,68),(53,72),(60,74),(67,71),(59,50),(56,60),(45,47),(52,65),(39,34),(36,41),(31,27),(28,49),(29,40),(30,26),(23,23),(18,29),(20,52),(17,30),(24,21),(16,12),(11,66),(13,44),(14,32),(12,10),(9,13),(10,33),(8,7),(6,28),(7,6);
(12,4),(2,8),(14,3),(22,14),(20,1),(21,7),(26,26),(43,35),(46,37),(48,30),(49,13),(52,36),(56,54),(77,29),(60,50),(68,65),(76,56),(69,66),(99,41),(74,62),(71,69),(66,81),(84,57),(72,74),(79,71),(103,46),(98,49),(115,33),(131,10),(127,17),(117,31),(125,23),(145,2),(89,61),(144,11),(129,25),(137,18),(109,43),(116,51),(108,44),(73,77),(86,82),(119,75),(94,86),(100,88),(110,85),(91,91),(104,110),(126,103),(118,106),(139,101),(113,108),(128,126),(143,133),(132,130),(142,135),(138,134),(141,138),(146,141),(149,148),(148,146),(134,149),(147,145),(135,132),(140,140),(133,137),(88,144),(120,139),(136,136),(130,129),(123,123),(114,124),(101,125),(124,122),(122,119),(106,116),(97,114),(121,118),(111,109),(107,112),(102,113),(105,111),(92,102),(23,143),(95,100),(93,94),(82,98),(34,131),(83,97),(90,95),(87,90),(81,92),(39,121),(3,147),(47,105),(9,142),(78,93),(112,78),(96,80),(85,83),(37,117),(51,107),(80,84),(75,79),(61,87),(29,120),(59,89),(67,72),(25,115),(63,76),(70,67),(64,68),(41,96),(62,70),(30,104),(58,73),(65,60),(57,55),(54,63),(31,99),(13,127),(53,64),(55,58),(50,22),(44,48),(42,40),(7,128),(40,45),(35,53),(38,47),(33,38),(45,39),(36,32),(27,27),(32,59),(28,34),(24,19),(19,15),(18,24),(16,6),(11,5),(10,16),(17,52),(15,42),(8,9),(6,20),(4,28),(5,21),(1,12);
(3,8),(11,53),(2,3),(1,148),(148,149),(149,2),(4,1),(5,5),(24,22),(28,31),(36,14),(33,10),(39,7),(35,18),(40,46),(41,17),(44,36),(46,26),(45,11),(47,33),(53,12),(50,23),(48,39),(52,49),(59,25),(63,4),(55,50),(58,55),(74,69),(81,51),(76,64),(91,56),(83,65),(85,60),(75,67),(86,72),(97,66),(110,54),(102,62),(90,73),(109,80),(92,74),(79,76),(67,63),(87,86),(99,97),(104,103),(95,87),(103,100),(118,104),(125,107),(121,106),(116,109),(114,118),(144,111),(139,113),(128,115),(140,117),(126,116),(123,121),(143,120),(113,122),(120,126),(142,127),(131,123),(145,128),(134,131),(138,130),(136,134),(147,147),(137,136),(117,139),(130,141),(146,146),(127,144),(93,145),(135,143),(100,140),(132,142),(96,135),(122,138),(129,137),(133,132),(124,133),(141,129),(101,124),(111,125),(115,112),(106,119),(112,114),(119,105),(105,101),(108,110),(107,108),(98,98),(94,93),(84,91),(77,95),(66,99),(88,89),(61,94),(82,90),(89,88),(80,81),(72,84),(57,96),(70,85),(78,79),(69,75),(73,82),(65,77),(60,83),(54,92),(68,70),(21,102),(56,78),(64,71),(71,68),(62,59),(49,47),(42,32),(51,58),(43,35),(37,61),(38,37),(34,20),(30,27),(32,43),(29,29),(25,45),(31,52),(26,48),(23,40),(20,57),(22,42),(27,30),(19,19),(16,38),(17,24),(10,44),(15,28),(9,41),(18,21),(14,15),(12,34),(13,13),(7,9),(8,16),(6,6);
(2,2),(156,13),(9,3),(5,6),(12,10),(19,4),(10,12),(22,19),(17,8),(32,34),(35,40),(33,29),(36,36),(41,28),(37,35),(40,50),(48,46),(53,18),(54,39),(59,54),(58,45),(55,25),(60,57),(66,67),(71,41),(78,9),(67,63),(93,32),(73,56),(74,68),(77,82),(87,55),(84,91),(88,90),(91,66),(96,15),(89,87),(126,84),(153,73),(112,100),(137,83),(92,88),(102,97),(113,102),(109,99),(116,104),(139,98),(103,108),(115,110),(132,109),(107,111),(133,120),(130,119),(125,118),(127,123),(138,121),(128,124),(147,122),(124,125),(135,126),(122,127),(142,140),(155,137),(150,139),(143,141),(151,143),(159,142),(144,144),(152,148),(163,162),(165,77),(166,1),(164,159),(167,167),(104,163),(160,166),(140,164),(161,165),(162,161),(158,156),(95,157),(1,160),(157,155),(136,152),(154,154),(149,150),(123,151),(99,153),(145,149),(148,147),(141,145),(97,136),(146,146),(134,135),(118,138),(131,134),(129,132),(108,133),(117,131),(98,128),(111,130),(121,129),(120,116),(119,117),(114,114),(105,112),(94,115),(100,113),(101,107),(106,106),(110,101),(90,92),(81,105),(85,94),(61,103),(79,96),(82,86),(83,93),(86,58),(80,74),(75,89),(76,78),(72,59),(70,70),(68,79),(65,95),(69,72),(64,64),(62,85),(63,65),(56,47),(57,62),(52,24),(46,158),(51,43),(49,76),(50,37),(43,71),(47,51),(45,48),(38,81),(44,52),(39,61),(31,80),(42,53),(34,42),(30,31),(28,49),(29,30),(26,26),(27,60),(25,27),(21,44),(24,21),(16,38),(23,23),(15,22),(18,17),(11,20),(13,16),(8,14),(14,33),(7,11),(20,69),(6,7),(3,5),(4,75);
(6,2),(13,8),(75,6),(60,7),(152,3),(17,9),(62,12),(46,11),(21,10),(18,15),(16,16),(25,20),(51,17),(67,24),(55,19),(43,18),(22,23),(41,29),(72,27),(58,28),(29,30),(118,43),(56,34),(35,32),(38,39),(54,38),(50,50),(73,57),(53,51),(61,61),(59,55),(66,68),(88,56),(74,64),(77,69),(81,79),(83,59),(82,70),(79,107),(78,134),(80,77),(70,66),(76,85),(69,67),(64,116),(68,74),(63,63),(48,49),(57,129),(49,58),(52,110),(47,40),(44,53),(42,72),(45,41),(36,52),(40,45),(37,37),(34,44),(33,48),(39,126),(32,36),(30,75),(31,47),(28,25),(23,42),(26,26),(20,33),(24,82),(19,21),(14,22),(11,65),(12,35),(15,13),(8,4),(9,54),(10,80),(7,5),(3,14),(5,108),(4,62),(2,31),(1,167),(164,166),(151,162),(71,163),(27,164),(154,161),(156,156),(145,149),(144,150),(153,160),(141,147),(148,148),(155,153),(140,137),(133,154),(131,131),(132,151),(127,125),(125,157),(126,122),(65,144),(120,124),(111,117),(113,118),(112,112),(102,105),(100,130),(101,106),(95,111),(104,103),(99,99),(85,96),(93,97),(92,88),(89,87),(84,93),(86,84),(87,89),(91,83),(90,73),(94,92),(97,78),(96,86),(98,95),(103,102),(106,101),(109,60),(107,90),(108,98),(105,104),(114,113),(110,71),(115,120),(119,91),(117,109),(123,76),(116,115),(121,121),(122,123),(128,94),(124,114),(129,132),(138,81),(130,128),(134,139),(135,146),(137,119),(136,133),(142,138),(139,127),(143,140),(147,135),(146,142),(150,145),(149,141),(158,158),(163,46),(159,136),(160,152),(165,100),(161,143),(162,155),(157,159),(166,165),(167,1);
(1,7),(16,14),(28,30),(33,13),(37,18),(26,2),(42,23),(36,3),(44,26),(35,19),(43,52),(50,4),(49,12),(52,1),(48,20),(45,57),(54,16),(58,5),(55,15),(60,6),(59,11),(53,22),(51,45),(65,28),(56,39),(61,46),(63,49),(74,98),(87,69),(86,56),(88,67),(81,84),(90,74),(107,66),(98,71),(103,80),(114,68),(106,77),(96,93),(116,70),(115,72),(105,83),(104,89),(112,86),(120,75),(149,8),(117,82),(127,73),(102,97),(165,51),(124,81),(113,101),(140,111),(121,104),(139,124),(119,105),(125,122),(131,135),(135,131),(132,119),(136,134),(144,137),(170,132),(181,129),(141,140),(156,146),(166,143),(190,133),(176,139),(188,136),(171,142),(163,148),(173,151),(182,144),(177,141),(186,145),(169,155),(142,153),(129,156),(168,158),(154,167),(187,165),(172,174),(183,176),(191,191),(184,178),(162,175),(189,190),(155,187),(148,188),(145,186),(185,189),(178,185),(137,183),(164,184),(174,182),(150,179),(159,180),(153,177),(175,172),(151,171),(128,173),(161,170),(180,169),(179,166),(152,168),(157,164),(146,161),(130,162),(143,160),(160,163),(147,157),(122,159),(138,152),(126,149),(158,154),(167,150),(133,138),(134,147),(123,117),(108,116),(95,130),(110,113),(111,96),(100,110),(93,123),(62,181),(101,108),(83,127),(118,88),(89,109),(91,114),(78,121),(70,128),(94,103),(109,90),(97,92),(77,118),(71,126),(85,107),(99,87),(92,76),(79,106),(73,120),(84,94),(66,115),(82,95),(80,85),(75,99),(76,100),(72,102),(69,79),(67,112),(68,78),(64,54),(57,44),(46,60),(41,48),(47,125),(40,40),(38,61),(39,42),(32,17),(30,59),(34,50),(29,63),(31,36),(27,29),(25,32),(22,33),(20,58),(19,65),(21,43),(11,91),(17,62),(23,27),(15,55),(14,53),(18,38),(13,34),(6,64),(12,37),(8,47),(10,21),(9,35),(24,25),(7,10),(2,9),(5,41),(4,31),(3,24);
(3,5),(1,29),(2,191),(191,190),(190,1),(6,2),(23,7),(5,3),(17,17),(16,9),(20,26),(22,24),(21,13),(19,8),(24,20),(26,15),(25,28),(35,31),(27,12),(36,33),(39,10),(37,35),(40,48),(44,22),(45,14),(41,47),(47,36),(52,4),(46,49),(57,51),(49,42),(58,50),(53,27),(60,56),(67,46),(63,57),(64,60),(74,74),(81,19),(76,61),(77,78),(86,37),(85,43),(78,77),(160,66),(93,75),(124,80),(151,82),(105,86),(88,90),(94,94),(101,91),(106,88),(103,92),(131,96),(97,93),(130,100),(96,102),(112,109),(128,108),(147,117),(134,111),(109,112),(123,116),(129,129),(149,123),(126,130),(137,135),(141,146),(140,137),(146,132),(172,81),(142,140),(152,133),(143,141),(170,145),(145,142),(156,150),(171,148),(157,151),(176,149),(148,154),(165,155),(169,153),(164,162),(177,169),(184,163),(187,175),(181,176),(185,173),(173,174),(179,179),(182,177),(186,180),(189,188),(174,189),(188,187),(163,185),(155,184),(178,186),(180,183),(162,181),(183,182),(154,168),(175,178),(168,167),(153,165),(87,170),(144,166),(59,172),(73,171),(161,164),(166,158),(150,161),(159,159),(167,156),(132,157),(115,160),(158,152),(133,144),(79,147),(138,143),(135,139),(136,136),(117,131),(113,138),(118,127),(84,134),(127,125),(72,128),(125,124),(122,121),(119,120),(108,122),(89,126),(121,119),(80,114),(114,118),(111,113),(95,115),(116,110),(91,104),(107,107),(102,105),(90,103),(110,99),(83,101),(120,98),(100,95),(99,97),(82,87),(92,89),(104,85),(139,83),(98,76),(75,79),(69,68),(65,63),(68,73),(71,84),(66,67),(62,54),(61,58),(54,52),(56,72),(51,64),(70,106),(50,62),(55,65),(48,53),(43,44),(42,59),(38,40),(33,34),(32,41),(34,70),(31,32),(29,39),(30,71),(28,30),(15,25),(18,18),(14,16),(13,21),(11,11),(9,55),(12,69),(4,38),(8,45),(10,23),(7,6);
(2,1),(20,5),(13,9),(21,38),(25,25),(23,14),(27,13),(30,42),(32,18),(31,37),(40,11),(36,23),(39,31),(47,12),(38,34),(45,49),(46,53),(62,4),(49,44),(59,15),(55,33),(61,19),(64,7),(56,41),(57,52),(75,6),(67,27),(71,20),(65,36),(60,59),(73,21),(69,35),(66,48),(68,67),(81,50),(72,63),(76,74),(83,80),(91,86),(90,64),(86,28),(93,88),(99,85),(104,76),(96,91),(102,84),(88,101),(100,96),(108,108),(112,121),(131,82),(128,75),(135,73),(121,105),(146,81),(119,107),(118,109),(141,94),(147,89),(134,103),(152,87),(154,117),(149,93),(139,100),(144,110),(129,102),(140,118),(148,131),(137,114),(126,104),(115,128),(136,125),(132,135),(142,138),(127,137),(153,151),(164,160),(182,155),(177,157),(201,150),(167,72),(202,152),(168,159),(192,162),(183,167),(209,158),(215,156),(179,169),(195,166),(219,161),(186,168),(173,174),(184,179),(191,176),(198,170),(185,182),(190,183),(212,178),(220,172),(217,177),(206,180),(189,189),(218,181),(208,184),(222,193),(214,188),(171,190),(213,192),(170,191),(199,198),(205,203),(207,213),(223,222),(160,223),(221,221),(188,219),(161,218),(145,217),(216,220),(211,216),(162,211),(172,212),(193,214),(210,215),(197,209),(175,210),(204,208),(203,202),(159,205),(163,207),(151,206),(196,200),(133,204),(180,201),(200,199),(181,195),(150,197),(158,196),(176,194),(157,185),(174,187),(194,186),(169,175),(178,171),(165,173),(187,164),(155,165),(166,163),(156,154),(143,146),(125,144),(138,145),(123,139),(111,147),(116,143),(130,133),(124,129),(117,140),(122,132),(110,134),(94,153),(113,130),(120,115),(97,136),(114,120),(79,149),(103,124),(80,148),(106,126),(105,123),(101,119),(78,141),(92,127),(107,113),(82,122),(109,112),(98,98),(87,106),(85,116),(89,95),(74,111),(84,99),(77,97),(95,90),(70,71),(63,58),(58,61),(54,30),(51,142),(53,65),(52,55),(48,66),(33,77),(44,68),(50,57),(43,56),(42,43),(37,60),(34,70),(41,46),(35,26),(28,51),(29,40),(26,16),(22,54),(19,79),(24,32),(18,45),(17,24),(15,17),(11,69),(16,47),(10,78),(14,29),(12,8),(9,3),(5,83),(4,92),(6,62),(7,39),(8,10),(3,2),(1,22);
(3,18),(2,3),(1,222),(222,223),(223,2),(19,1),(4,5),(12,7),(23,9),(13,8),(20,11),(9,12),(18,13),(26,16),(27,17),(14,14),(28,31),(35,40),(39,29),(38,4),(40,30),(56,15),(37,35),(52,39),(78,32),(46,41),(58,46),(44,42),(61,57),(95,36),(69,54),(84,71),(72,58),(68,61),(62,59),(82,74),(67,63),(75,72),(73,73),(70,75),(83,76),(76,78),(86,85),(81,79),(91,90),(88,80),(98,93),(115,70),(104,86),(94,98),(105,96),(112,83),(102,102),(110,103),(108,105),(111,113),(124,115),(119,99),(127,118),(118,20),(128,122),(132,23),(131,49),(129,121),(137,134),(150,129),(135,135),(149,136),(140,137),(151,152),(153,92),(144,67),(154,91),(152,154),(175,155),(158,156),(163,167),(162,161),(169,157),(164,160),(170,164),(166,162),(173,168),(183,126),(182,189),(185,179),(201,22),(188,150),(186,187),(195,177),(189,188),(196,183),(215,130),(193,192),(212,200),(205,199),(194,195),(211,203),(197,198),(204,202),(210,209),(213,208),(206,211),(216,214),(220,33),(219,144),(221,216),(218,124),(217,220),(214,215),(209,213),(207,217),(202,204),(200,212),(192,197),(203,221),(190,193),(199,210),(198,201),(208,207),(187,190),(184,194),(191,184),(181,191),(180,139),(178,181),(176,196),(174,205),(177,186),(179,143),(172,174),(171,172),(168,165),(165,206),(167,170),(161,169),(159,185),(160,163),(157,171),(156,159),(147,148),(155,173),(146,151),(148,178),(145,145),(139,158),(143,149),(142,141),(138,153),(141,176),(136,142),(125,166),(134,146),(133,128),(126,120),(130,131),(123,116),(120,219),(122,117),(117,180),(121,127),(116,119),(114,114),(103,218),(113,123),(109,110),(106,106),(101,107),(107,138),(99,100),(96,111),(97,104),(100,97),(93,108),(92,89),(87,101),(89,88),(80,84),(90,132),(79,82),(85,112),(77,81),(63,147),(74,95),(64,77),(71,87),(66,64),(60,65),(65,133),(59,60),(51,109),(57,68),(54,56),(49,69),(53,55),(55,52),(48,47),(50,62),(42,45),(45,125),(43,66),(47,175),(41,37),(33,44),(36,182),(34,94),(32,38),(24,140),(31,50),(29,43),(30,34),(22,24),(25,53),(21,25),(15,48),(16,28),(11,51),(17,19),(6,10),(10,27),(8,21),(7,26),(5,6);
(74,7),(10,4),(239,35),(24,6),(211,34),(15,5),(25,11),(32,10),(22,21),(33,24),(102,31),(31,25),(62,43),(173,77),(190,37),(168,89),(161,93),(163,79),(165,75),(55,41),(36,28),(49,38),(68,58),(67,47),(81,91),(82,80),(79,69),(88,101),(96,105),(90,84),(93,61),(86,83),(94,56),(91,87),(99,74),(106,103),(111,120),(115,90),(113,106),(116,114),(123,96),(119,72),(127,111),(130,121),(120,104),(118,109),(126,124),(143,113),(166,100),(136,107),(175,97),(137,117),(133,126),(149,127),(183,92),(209,67),(207,70),(157,119),(162,132),(156,125),(144,138),(151,141),(139,152),(164,140),(155,148),(158,161),(171,166),(212,65),(172,164),(229,54),(177,155),(179,170),(245,23),(241,13),(199,2),(226,9),(251,15),(180,168),(188,167),(176,181),(193,172),(215,177),(189,162),(254,198),(196,173),(225,207),(255,234),(217,200),(221,208),(228,214),(249,237),(256,238),(243,241),(257,250),(246,244),(253,255),(219,257),(252,254),(210,220),(220,223),(230,236),(250,252),(244,242),(248,249),(237,239),(240,240),(247,235),(223,210),(233,225),(242,232),(234,230),(205,209),(202,219),(238,248),(235,246),(203,221),(206,228),(236,251),(227,256),(232,253),(224,243),(198,222),(204,211),(191,199),(195,202),(231,227),(216,203),(222,216),(208,205),(213,206),(218,212),(214,197),(201,182),(184,186),(197,192),(200,204),(194,193),(187,189),(185,217),(186,195),(182,184),(170,194),(192,175),(181,179),(169,188),(174,176),(178,169),(159,163),(167,190),(153,147),(154,156),(160,191),(152,146),(134,157),(150,171),(135,158),(85,187),(63,224),(87,183),(147,149),(80,180),(21,233),(61,218),(28,231),(14,247),(7,245),(41,215),(26,226),(43,213),(56,201),(73,185),(54,196),(103,165),(83,178),(138,153),(107,159),(132,154),(145,145),(131,150),(142,144),(125,151),(146,142),(129,137),(141,139),(140,134),(128,136),(148,131),(121,123),(124,122),(117,112),(112,130),(122,129),(69,174),(5,229),(105,143),(78,160),(114,135),(2,110),(109,133),(110,118),(89,128),(108,116),(104,98),(97,78),(92,86),(95,95),(100,88),(98,94),(101,108),(84,99),(77,81),(75,82),(52,102),(71,85),(76,76),(72,63),(60,50),(59,51),(66,60),(65,66),(70,73),(57,55),(58,71),(53,52),(64,59),(50,40),(45,53),(51,115),(46,68),(38,45),(39,46),(44,57),(47,44),(48,39),(34,29),(42,48),(35,32),(29,27),(17,20),(16,30),(40,64),(12,49),(37,62),(18,36),(13,22),(4,42),(6,33),(9,26),(8,16),(20,17),(11,19),(23,18),(30,12),(27,14),(3,3),(19,8),(1,1);
(4,2),(11,15),(14,7),(17,30),(19,3),(22,22),(23,6),(26,20),(36,13),(27,21),(40,31),(41,24),(45,33),(46,47),(51,11),(47,42),(65,70),(61,37),(57,35),(64,38),(86,23),(63,39),(68,56),(90,32),(111,5),(89,34),(69,55),(66,62),(112,14),(84,40),(118,8),(71,57),(70,60),(127,10),(77,54),(92,41),(72,59),(76,76),(93,73),(85,66),(96,75),(87,79),(101,81),(211,18),(100,82),(149,94),(131,86),(153,95),(78,77),(106,93),(132,105),(146,106),(117,104),(113,109),(116,117),(123,125),(120,115),(128,127),(124,134),(125,128),(119,121),(114,119),(88,123),(115,118),(102,116),(83,124),(109,113),(104,114),(98,103),(103,112),(110,110),(107,108),(99,99),(108,107),(122,101),(97,92),(82,96),(18,122),(94,91),(81,83),(75,98),(79,87),(20,111),(74,89),(73,64),(62,78),(52,90),(67,71),(60,69),(54,74),(37,100),(55,72),(28,102),(59,67),(58,63),(53,65),(49,68),(3,120),(29,88),(34,84),(42,61),(38,80),(56,58),(50,48),(15,97),(48,50),(43,44),(39,53),(44,36),(33,26),(31,46),(35,29),(30,51),(32,28),(25,19),(24,45),(21,16),(16,43),(13,12),(10,25),(12,52),(9,17),(6,27),(7,49),(8,85),(5,4),(2,9),(1,256),(248,257),(254,255),(241,241),(232,247),(235,253),(228,242),(229,225),(224,254),(223,233),(141,250),(216,244),(145,252),(207,245),(136,251),(226,232),(222,222),(215,223),(214,215),(196,211),(220,228),(194,210),(195,201),(189,212),(184,221),(191,208),(193,198),(178,200),(158,197),(174,204),(182,209),(143,190),(154,195),(176,199),(204,194),(199,191),(192,185),(175,183),(162,187),(179,179),(172,169),(155,173),(138,170),(80,167),(160,171),(168,166),(157,165),(105,168),(163,164),(95,162),(150,163),(166,161),(159,156),(147,154),(144,158),(142,149),(126,157),(140,148),(121,144),(91,146),(134,143),(129,129),(130,130),(133,137),(170,139),(137,126),(156,131),(188,133),(219,136),(171,132),(161,135),(208,142),(181,138),(152,141),(135,140),(139,147),(148,152),(167,145),(151,151),(177,150),(164,153),(217,172),(169,155),(173,160),(165,159),(180,180),(187,174),(190,175),(205,176),(183,178),(186,182),(185,184),(203,181),(197,188),(202,192),(206,186),(210,189),(198,202),(209,196),(212,193),(201,206),(221,203),(200,207),(213,214),(225,224),(218,177),(227,236),(230,219),(231,237),(236,218),(234,226),(233,238),(237,239),(239,217),(238,231),(245,216),(240,227),(242,240),(243,243),(244,235),(246,246),(249,205),(247,234),(250,249),(253,230),(251,213),(252,220),(255,248),(257,229),(256,1);
(2,3),(13,6),(16,16),(15,4),(19,19),(17,8),(18,13),(23,27),(22,9),(24,28),(25,2),(27,29),(35,30),(28,17),(38,35),(43,39),(45,15),(44,37),(47,40),(40,43),(48,41),(52,22),(50,47),(62,42),(53,46),(65,63),(71,1),(70,25),(84,54),(69,23),(66,66),(75,65),(72,34),(77,71),(108,55),(165,14),(90,68),(96,79),(88,80),(129,85),(94,82),(91,97),(105,84),(167,87),(100,81),(180,88),(103,86),(102,102),(118,105),(214,94),(153,101),(106,107),(115,117),(116,110),(123,121),(122,106),(183,136),(126,108),(124,111),(127,109),(128,112),(125,123),(136,133),(158,127),(132,135),(139,139),(142,138),(144,137),(155,129),(151,132),(145,140),(201,145),(234,143),(221,119),(235,144),(147,149),(190,156),(177,154),(154,157),(176,162),(289,155),(241,158),(160,163),(174,166),(173,172),(210,161),(170,173),(179,181),(175,174),(182,186),(184,179),(192,184),(197,180),(191,185),(194,193),(199,177),(206,187),(225,183),(286,167),(203,189),(229,194),(196,188),(209,202),(219,207),(232,204),(213,209),(256,205),(212,211),(223,216),(293,212),(218,217),(249,218),(207,220),(261,224),(280,229),(248,230),(253,231),(240,233),(262,232),(224,235),(266,241),(243,238),(291,257),(244,239),(247,245),(250,250),(270,251),(251,254),(267,255),(292,259),(273,256),(254,258),(271,260),(257,261),(290,263),(264,262),(272,269),(252,270),(277,272),(282,279),(268,278),(238,282),(283,280),(265,281),(231,284),(284,285),(288,286),(285,293),(276,291),(281,290),(274,288),(239,289),(166,292),(287,287),(211,283),(278,277),(260,276),(279,275),(150,273),(275,274),(181,268),(246,271),(269,267),(258,266),(185,264),(255,265),(245,243),(222,253),(226,248),(188,249),(120,252),(233,247),(163,240),(228,246),(237,244),(242,242),(230,237),(202,236),(236,234),(259,226),(178,228),(217,227),(263,225),(220,221),(99,223),(157,222),(227,219),(204,214),(114,215),(216,213),(189,203),(208,210),(215,208),(200,201),(143,206),(205,200),(148,198),(83,199),(198,197),(74,192),(149,195),(195,196),(193,191),(186,182),(187,190),(171,178),(164,175),(172,170),(161,176),(168,169),(162,168),(141,171),(169,165),(140,160),(152,159),(159,151),(146,150),(138,153),(135,152),(112,164),(156,141),(134,146),(137,148),(80,142),(133,147),(131,134),(121,131),(117,126),(130,130),(119,116),(109,128),(110,125),(113,120),(111,113),(101,124),(59,104),(97,122),(104,118),(95,114),(107,115),(98,92),(93,99),(76,103),(89,98),(92,90),(73,96),(87,91),(86,74),(85,89),(82,70),(79,93),(78,83),(67,95),(81,76),(64,73),(57,100),(63,75),(61,67),(68,72),(60,57),(54,77),(56,59),(55,69),(58,56),(51,48),(41,64),(49,51),(46,44),(42,52),(37,36),(39,50),(34,32),(36,49),(33,31),(30,60),(32,38),(29,62),(31,45),(26,26),(20,33),(14,78),(21,24),(12,10),(10,18),(9,7),(8,21),(11,61),(7,11),(5,53),(6,20),(4,5),(1,58),(3,12);
(3,2),(5,15),(14,8),(89,5),(13,9),(63,21),(72,23),(15,11),(16,16),(44,25),(22,18),(29,30),(54,31),(62,28),(50,33),(41,32),(48,38),(65,59),(68,50),(84,7),(73,37),(79,56),(108,48),(129,14),(110,47),(124,29),(133,6),(94,10),(144,4),(132,12),(131,27),(130,19),(114,46),(99,54),(142,60),(200,68),(91,53),(80,57),(77,64),(75,44),(66,58),(88,86),(82,76),(138,80),(83,77),(93,91),(188,83),(141,87),(117,89),(95,95),(150,99),(96,96),(113,104),(120,103),(134,107),(115,105),(151,115),(127,109),(123,132),(143,127),(160,122),(140,128),(192,124),(136,129),(179,145),(159,142),(171,143),(148,136),(139,131),(116,150),(126,139),(100,134),(128,137),(104,126),(122,133),(125,119),(112,121),(109,125),(111,113),(103,123),(98,117),(105,118),(107,111),(90,112),(119,110),(106,102),(101,106),(92,90),(86,93),(85,94),(74,135),(87,85),(81,81),(70,65),(76,88),(71,75),(64,66),(61,71),(58,79),(69,78),(46,92),(27,116),(55,108),(78,100),(38,114),(25,120),(33,173),(28,140),(9,146),(6,130),(10,141),(24,138),(26,98),(20,97),(4,84),(32,101),(60,82),(45,73),(35,72),(57,74),(59,69),(67,62),(52,45),(51,49),(56,67),(53,63),(49,42),(47,51),(43,36),(37,70),(42,41),(39,52),(40,43),(36,34),(19,55),(30,39),(21,40),(34,35),(23,26),(18,17),(12,22),(17,61),(11,20),(8,13),(7,24),(2,3),(1,291),(31,293),(288,292),(253,288),(222,286),(287,290),(271,273),(264,281),(272,270),(239,263),(268,269),(257,259),(252,262),(233,256),(249,261),(258,257),(259,252),(246,246),(248,250),(245,249),(238,236),(231,233),(227,240),(228,253),(232,283),(226,239),(221,225),(218,241),(220,230),(217,219),(202,217),(194,285),(186,260),(172,280),(196,287),(177,282),(158,279),(102,272),(152,278),(176,274),(165,271),(182,264),(199,242),(147,254),(190,244),(187,232),(195,237),(203,214),(155,245),(206,212),(197,205),(180,172),(185,187),(154,194),(121,198),(145,195),(174,189),(183,184),(175,177),(118,182),(135,180),(170,176),(162,165),(153,167),(149,161),(97,178),(161,157),(137,144),(146,148),(267,160),(156,149),(184,155),(167,153),(166,163),(164,151),(157,166),(163,159),(168,171),(173,170),(181,179),(178,169),(169,156),(189,183),(207,202),(201,196),(191,188),(193,197),(205,211),(210,199),(211,208),(212,201),(198,164),(209,193),(208,174),(213,206),(214,168),(216,175),(215,207),(204,215),(219,218),(223,221),(230,216),(237,204),(247,191),(280,185),(243,158),(276,181),(277,162),(270,154),(286,147),(278,152),(282,209),(275,186),(254,190),(262,200),(260,203),(250,192),(234,210),(281,231),(240,213),(225,220),(224,228),(242,223),(235,227),(255,224),(229,229),(236,234),(251,248),(241,235),(266,243),(244,238),(263,251),(256,247),(261,255),(265,265),(269,267),(279,258),(273,275),(284,266),(283,268),(274,276),(289,289),(290,277),(285,222),(291,284),(293,226),(292,1);
(3,17),(11,4),(14,9),(13,30),(15,66),(17,55),(18,31),(23,20),(21,16),(20,3),(24,15),(22,10),(27,24),(26,2),(29,18),(30,32),(36,27),(33,13),(39,36),(44,37),(47,11),(46,45),(49,23),(48,33),(50,41),(56,49),(55,6),(57,56),(65,26),(64,34),(68,65),(70,7),(72,72),(79,8),(75,51),(76,70),(77,67),(78,74),(83,62),(82,25),(84,59),(81,79),(92,96),(95,5),(93,93),(98,77),(104,1),(97,91),(101,90),(103,86),(102,98),(106,87),(105,101),(109,80),(107,99),(111,69),(124,46),(113,78),(119,118),(128,92),(120,117),(138,122),(183,110),(126,126),(152,128),(245,119),(184,125),(314,116),(213,123),(146,129),(136,130),(147,142),(135,131),(134,137),(149,150),(155,140),(148,141),(158,139),(156,147),(159,157),(163,148),(165,155),(186,132),(161,160),(225,153),(172,159),(170,166),(175,175),(187,170),(176,167),(319,173),(193,168),(180,176),(197,174),(214,171),(178,178),(191,181),(247,183),(192,187),(275,195),(233,191),(181,186),(190,193),(202,194),(194,199),(210,202),(253,198),(216,200),(279,196),(201,203),(331,207),(206,204),(221,205),(212,206),(235,213),(268,211),(249,215),(271,220),(227,222),(237,223),(281,229),(219,226),(242,230),(274,233),(243,241),(251,247),(261,250),(300,239),(266,249),(264,251),(252,252),(262,256),(330,259),(223,255),(173,258),(303,260),(316,274),(302,262),(250,266),(282,271),(260,270),(307,276),(322,278),(289,279),(325,281),(304,280),(295,282),(287,283),(286,288),(294,293),(305,290),(291,285),(323,296),(236,302),(297,306),(288,304),(313,303),(309,301),(328,309),(317,305),(310,308),(324,310),(293,312),(327,315),(296,316),(269,318),(273,319),(326,321),(306,330),(329,331),(258,328),(189,329),(312,327),(284,324),(311,326),(321,323),(318,322),(259,320),(272,317),(315,314),(278,313),(137,325),(301,311),(308,307),(207,300),(277,299),(299,297),(285,298),(320,295),(280,292),(204,294),(290,291),(283,286),(123,289),(228,287),(276,284),(298,275),(256,272),(198,277),(244,273),(265,269),(203,265),(129,268),(209,264),(238,267),(267,263),(292,261),(130,257),(255,254),(205,248),(248,253),(240,240),(230,244),(215,246),(232,242),(241,237),(222,243),(211,245),(234,238),(231,236),(270,234),(239,231),(263,232),(218,228),(188,227),(246,225),(220,221),(167,224),(254,219),(257,217),(226,212),(200,209),(208,216),(229,214),(196,218),(199,208),(224,210),(174,197),(195,201),(185,190),(166,189),(169,188),(182,182),(217,185),(177,179),(114,235),(162,192),(179,177),(160,184),(168,180),(171,169),(164,165),(157,156),(153,152),(154,161),(151,154),(143,163),(150,151),(141,162),(142,172),(139,164),(144,158),(145,149),(140,145),(133,143),(132,138),(125,135),(131,136),(127,127),(117,134),(122,146),(116,133),(121,124),(112,108),(118,115),(110,82),(108,104),(100,103),(115,144),(99,105),(94,109),(96,106),(91,95),(89,112),(90,97),(88,102),(85,121),(86,94),(80,107),(87,89),(74,68),(73,111),(71,40),(69,73),(67,64),(66,53),(60,48),(62,88),(63,114),(61,75),(58,100),(59,61),(54,54),(52,85),(53,57),(51,44),(43,47),(45,76),(42,38),(38,43),(41,71),(40,63),(37,50),(35,39),(34,52),(31,60),(28,113),(32,42),(25,22),(19,29),(16,83),(12,19),(8,12),(7,28),(9,84),(6,35),(10,120),(5,14),(4,21),(1,81),(2,58);
(5,2),(15,11),(20,30),(25,26),(27,62),(28,47),(30,4),(299,20),(45,5),(106,9),(34,6),(36,21),(32,10),(33,23),(40,56),(41,16),(42,36),(53,13),(51,33),(49,24),(48,45),(57,19),(50,43),(70,52),(52,44),(54,48),(69,61),(55,50),(67,67),(85,77),(80,59),(76,40),(71,18),(82,66),(83,60),(86,71),(116,17),(104,39),(88,70),(93,74),(124,65),(101,73),(108,72),(98,75),(77,82),(130,78),(107,102),(123,85),(111,80),(79,84),(99,91),(105,104),(142,113),(249,38),(138,116),(151,112),(259,37),(147,115),(132,117),(136,122),(325,35),(160,111),(155,114),(184,101),(145,119),(154,121),(301,51),(129,133),(159,125),(163,124),(137,131),(164,132),(225,127),(128,135),(187,140),(141,145),(158,152),(208,164),(161,163),(103,165),(179,162),(114,160),(148,161),(126,157),(139,159),(177,158),(134,154),(121,155),(115,153),(174,156),(150,151),(127,149),(144,150),(143,146),(102,148),(122,147),(149,144),(113,142),(133,143),(175,141),(162,138),(110,139),(140,137),(120,134),(109,136),(135,130),(125,109),(117,128),(112,126),(119,120),(97,95),(92,103),(95,281),(100,292),(90,273),(94,226),(91,96),(78,110),(96,90),(81,98),(89,89),(74,100),(84,93),(66,107),(87,87),(64,105),(73,97),(72,81),(58,106),(61,99),(75,76),(63,86),(59,92),(60,88),(62,79),(65,83),(68,69),(47,46),(46,29),(43,34),(39,64),(44,94),(35,41),(56,221),(31,7),(29,55),(26,68),(24,27),(22,53),(23,28),(19,42),(18,32),(17,63),(21,288),(16,15),(13,49),(14,12),(10,22),(7,123),(9,54),(8,31),(11,14),(4,3),(3,25),(6,57),(1,8),(2,325),(12,331),(319,330),(38,319),(294,329),(329,328),(314,312),(302,302),(297,326),(296,327),(298,316),(300,303),(295,295),(290,311),(285,323),(251,317),(37,283),(283,322),(286,306),(287,314),(291,307),(282,291),(275,313),(279,300),(278,293),(280,294),(281,286),(274,285),(277,279),(270,266),(262,261),(242,269),(263,271),(250,270),(237,275),(261,245),(256,246),(238,259),(228,305),(229,289),(235,272),(241,237),(210,297),(230,258),(239,238),(217,254),(190,240),(201,244),(214,252),(231,242),(226,233),(192,225),(220,231),(221,219),(212,209),(206,213),(202,212),(193,217),(199,210),(152,218),(169,215),(191,205),(168,214),(195,203),(153,211),(198,201),(165,204),(131,207),(181,202),(180,199),(118,184),(185,200),(178,198),(189,194),(183,197),(197,191),(176,186),(157,185),(146,174),(167,182),(172,175),(166,166),(173,169),(209,168),(232,167),(171,170),(223,172),(170,171),(182,179),(207,176),(218,173),(200,178),(222,177),(213,181),(204,180),(156,183),(186,187),(215,189),(194,188),(211,190),(188,196),(205,192),(227,195),(203,193),(196,206),(216,208),(219,216),(224,222),(233,241),(236,108),(234,224),(245,229),(252,234),(240,227),(243,255),(246,232),(244,249),(260,228),(308,129),(264,223),(254,236),(247,247),(257,235),(248,251),(265,239),(272,230),(253,256),(266,248),(258,253),(255,262),(273,243),(269,260),(267,250),(268,264),(284,265),(271,267),(288,299),(276,274),(292,304),(293,287),(303,298),(289,220),(304,301),(313,118),(306,268),(307,263),(305,284),(310,308),(309,282),(312,278),(311,296),(315,310),(318,315),(317,280),(320,318),(321,290),(322,276),(316,58),(323,309),(324,320),(328,257),(327,277),(326,321),(330,324),(331,1);
(2,1),(42,40),(22,13),(11,4),(24,10),(18,8),(30,21),(28,6),(40,5),(31,7),(36,28),(41,37),(37,23),(38,30),(35,18),(44,39),(55,59),(60,45),(69,68),(66,27),(67,38),(74,60),(75,66),(81,44),(76,67),(84,81),(80,70),(87,85),(102,87),(114,62),(106,79),(96,102),(119,94),(108,98),(112,116),(120,95),(118,64),(122,114),(124,49),(123,117),(140,128),(128,63),(143,139),(146,43),(144,122),(142,158),(147,145),(150,107),(149,143),(172,92),(148,146),(165,125),(161,130),(156,137),(154,147),(170,160),(160,138),(175,166),(307,2),(205,129),(181,164),(215,127),(250,86),(173,177),(179,172),(290,46),(249,93),(162,194),(262,89),(177,186),(336,12),(188,174),(197,169),(338,20),(233,131),(279,84),(341,19),(225,141),(339,22),(186,182),(315,51),(198,170),(265,105),(298,71),(273,97),(314,55),(323,47),(223,149),(357,16),(191,181),(295,82),(267,109),(211,162),(189,185),(193,184),(305,73),(301,77),(278,101),(287,91),(190,187),(207,171),(367,15),(203,175),(347,36),(202,176),(317,65),(195,183),(201,179),(359,33),(284,103),(185,195),(231,161),(365,41),(200,189),(239,157),(196,203),(214,208),(220,221),(263,193),(237,210),(227,217),(226,220),(243,209),(224,222),(244,212),(255,218),(240,215),(235,233),(246,223),(247,225),(242,228),(291,238),(260,232),(238,231),(236,244),(259,255),(251,249),(306,248),(253,250),(272,257),(331,254),(362,252),(270,258),(289,263),(321,268),(274,261),(281,265),(230,242),(300,286),(280,279),(285,292),(319,289),(304,276),(327,295),(320,290),(271,294),(292,298),(354,296),(286,299),(350,304),(313,303),(288,306),(316,308),(297,307),(326,314),(353,326),(342,329),(368,327),(340,330),(363,332),(334,331),(351,334),(330,335),(348,342),(360,340),(343,352),(349,345),(337,349),(370,369),(373,336),(371,363),(372,371),(258,372),(369,370),(366,367),(358,365),(364,366),(361,364),(356,362),(328,359),(310,358),(299,357),(355,360),(332,354),(266,346),(324,353),(296,348),(344,355),(333,350),(352,344),(335,338),(322,337),(345,325),(325,328),(346,323),(329,316),(302,321),(312,322),(241,315),(293,320),(318,318),(309,310),(308,312),(303,309),(276,305),(311,301),(294,302),(268,293),(56,373),(283,287),(275,278),(252,281),(234,282),(254,280),(269,277),(282,275),(257,271),(277,272),(264,264),(248,266),(261,262),(245,256),(256,259),(229,246),(209,270),(228,247),(232,226),(221,224),(222,236),(218,234),(210,243),(219,229),(212,230),(83,317),(25,356),(216,227),(213,219),(117,284),(217,216),(204,214),(47,333),(1,368),(73,313),(163,245),(71,311),(109,283),(157,239),(107,285),(208,211),(199,204),(159,237),(121,269),(194,207),(151,241),(206,192),(187,196),(57,319),(183,199),(27,347),(192,190),(182,198),(178,188),(167,200),(129,240),(166,202),(110,260),(174,201),(171,205),(97,273),(72,300),(115,253),(169,197),(180,180),(113,251),(33,339),(46,324),(145,213),(91,274),(168,191),(127,235),(184,168),(139,206),(176,173),(158,178),(23,343),(65,291),(63,288),(85,267),(164,167),(155,153),(54,297),(153,155),(152,142),(141,163),(137,134),(138,148),(131,159),(136,150),(132,156),(13,351),(7,361),(130,154),(19,341),(135,151),(133,140),(134,126),(125,124),(100,152),(126,121),(116,110),(104,132),(103,136),(105,118),(98,123),(111,113),(99,108),(95,111),(94,88),(89,104),(92,119),(101,165),(88,99),(86,120),(90,135),(79,96),(82,106),(93,90),(78,78),(68,42),(70,76),(77,100),(64,56),(61,69),(59,52),(58,58),(51,61),(62,133),(53,75),(52,72),(32,115),(48,80),(50,50),(43,74),(49,53),(39,29),(45,48),(34,34),(21,25),(26,31),(29,35),(20,24),(15,17),(17,83),(12,32),(16,57),(14,14),(10,9),(5,11),(6,54),(8,112),(9,144),(4,3),(3,26);
(5,229),(4,118),(2,5),(1,372),(373,373),(372,1),(7,2),(262,7),(21,3),(6,8),(300,12),(20,9),(14,10),(12,13),(16,14),(48,17),(268,15),(15,18),(103,20),(46,21),(297,26),(91,22),(24,24),(29,25),(44,29),(169,34),(60,30),(41,37),(61,39),(171,35),(45,40),(127,47),(47,41),(69,50),(65,51),(167,45),(54,52),(111,63),(68,55),(99,62),(62,54),(75,68),(312,67),(110,69),(345,104),(123,71),(87,72),(78,78),(95,79),(223,88),(119,81),(79,80),(97,90),(261,95),(98,91),(191,98),(234,99),(104,96),(109,105),(238,107),(113,106),(108,110),(121,111),(124,122),(137,124),(239,115),(128,125),(139,131),(153,129),(134,132),(136,141),(155,130),(147,135),(148,144),(178,143),(368,120),(255,134),(161,145),(266,139),(144,146),(166,148),(154,153),(196,154),(327,151),(156,155),(159,163),(305,162),(160,164),(366,186),(168,165),(183,167),(172,170),(186,176),(204,171),(176,179),(182,180),(259,177),(177,181),(202,187),(228,185),(192,189),(323,191),(217,190),(190,194),(229,201),(367,196),(211,202),(208,206),(214,215),(224,212),(222,219),(263,223),(295,220),(232,226),(243,234),(283,227),(233,236),(260,237),(246,242),(326,239),(273,241),(256,243),(269,247),(254,246),(247,250),(274,258),(248,251),(267,260),(299,253),(264,261),(343,267),(287,263),(265,262),(291,268),(284,274),(276,269),(280,276),(320,290),(285,278),(278,281),(307,287),(281,282),(292,291),(313,293),(359,295),(289,292),(296,297),(351,300),(302,298),(315,303),(304,301),(325,309),(341,302),(317,313),(356,331),(353,330),(319,314),(328,322),(347,332),(329,324),(336,333),(362,348),(339,337),(355,351),(352,347),(361,349),(360,354),(350,356),(369,362),(371,6),(370,363),(363,368),(335,371),(364,366),(331,370),(365,365),(358,361),(344,359),(354,358),(342,357),(357,353),(349,352),(346,350),(348,346),(340,338),(333,360),(338,344),(337,341),(332,334),(330,336),(334,345),(324,323),(322,335),(314,320),(321,328),(316,312),(318,307),(310,310),(308,316),(309,329),(306,311),(311,308),(301,299),(298,304),(303,318),(294,296),(290,294),(293,317),(288,288),(286,305),(282,286),(277,280),(272,272),(275,321),(271,270),(279,279),(270,266),(258,257),(257,264),(253,256),(251,277),(252,342),(250,254),(249,265),(245,252),(241,343),(242,319),(244,240),(237,248),(240,283),(236,238),(225,340),(235,245),(231,230),(227,315),(230,228),(221,218),(226,327),(220,216),(218,217),(216,285),(219,355),(215,271),(213,214),(210,259),(212,364),(209,210),(206,200),(207,208),(200,197),(205,224),(199,203),(201,244),(203,275),(198,198),(195,221),(197,367),(194,199),(188,192),(189,222),(187,193),(185,188),(193,369),(184,183),(181,195),(179,182),(180,204),(175,173),(173,273),(174,174),(170,169),(165,166),(162,205),(164,168),(157,211),(163,172),(152,149),(158,231),(151,147),(146,225),(149,178),(150,150),(145,157),(142,138),(141,161),(143,207),(140,140),(135,142),(138,158),(133,136),(131,156),(132,255),(130,137),(129,133),(126,128),(120,249),(125,126),(117,113),(116,127),(118,209),(122,339),(115,114),(112,121),(107,108),(114,235),(106,100),(102,213),(105,112),(100,94),(94,89),(90,119),(93,92),(89,101),(92,159),(96,232),(101,325),(88,86),(84,93),(85,117),(83,84),(82,109),(80,82),(86,284),(81,116),(77,70),(71,233),(76,97),(74,83),(73,73),(66,175),(72,74),(64,85),(67,289),(63,77),(70,66),(59,56),(55,326),(58,123),(56,65),(53,48),(52,60),(57,184),(51,53),(34,152),(49,64),(50,46),(42,59),(43,75),(40,42),(38,87),(39,57),(36,32),(32,160),(35,61),(31,44),(33,103),(30,28),(25,102),(28,49),(27,31),(23,36),(26,76),(22,23),(19,33),(37,306),(18,19),(17,27),(9,16),(8,11),(11,43),(13,58),(10,38),(3,4);
(2,8),(1,2),(401,1),(11,3),(114,7),(61,5),(10,4),(45,14),(12,6),(25,15),(166,13),(24,16),(55,19),(279,9),(33,20),(127,24),(53,21),(28,25),(230,27),(417,28),(37,26),(34,31),(103,34),(49,32),(38,35),(185,40),(40,36),(42,41),(105,39),(41,43),(218,50),(111,46),(51,49),(110,52),(52,51),(60,58),(176,53),(64,59),(59,60),(78,67),(208,63),(69,68),(90,69),(73,73),(97,75),(75,76),(260,80),(113,77),(80,78),(92,89),(144,88),(162,87),(95,91),(98,96),(407,99),(295,98),(106,97),(125,101),(101,100),(112,106),(124,105),(256,110),(169,107),(115,111),(122,120),(243,122),(368,121),(121,123),(149,129),(336,125),(134,130),(142,131),(157,139),(360,133),(293,135),(195,138),(143,140),(161,143),(147,148),(411,162),(163,149),(173,156),(160,157),(333,170),(172,158),(164,165),(203,167),(251,168),(349,171),(165,166),(183,180),(410,174),(297,177),(184,182),(199,187),(330,181),(193,188),(391,194),(225,189),(190,190),(324,202),(198,191),(200,278),(204,203),(223,204),(207,207),(395,205),(302,206),(212,208),(314,212),(206,209),(231,218),(387,211),(224,219),(228,225),(277,235),(229,226),(383,263),(232,227),(241,231),(244,241),(273,246),(248,242),(267,248),(288,247),(257,249),(287,253),(274,257),(327,254),(259,258),(264,265),(303,259),(284,262),(265,266),(291,269),(319,268),(268,270),(281,275),(272,276),(325,279),(285,277),(282,287),(299,281),(292,284),(311,298),(301,292),(294,291),(304,300),(342,309),(308,301),(312,306),(323,314),(318,316),(347,319),(369,320),(320,318),(334,327),(328,328),(339,340),(357,329),(353,334),(345,337),(355,336),(344,342),(340,345),(354,346),(365,359),(358,353),(364,360),(362,363),(370,366),(359,343),(372,368),(381,369),(399,198),(380,379),(415,324),(382,376),(392,387),(394,386),(397,385),(418,393),(408,390),(386,388),(404,400),(414,397),(409,401),(419,419),(346,416),(405,418),(416,414),(379,410),(413,413),(403,412),(412,408),(406,403),(402,399),(398,398),(393,396),(400,404),(396,405),(390,394),(388,409),(389,391),(378,389),(384,384),(385,380),(377,381),(375,392),(376,417),(374,374),(373,377),(371,370),(366,382),(363,407),(367,372),(361,364),(352,351),(356,362),(350,350),(348,354),(341,367),(351,348),(338,347),(343,395),(337,344),(332,333),(329,341),(326,330),(331,349),(322,326),(335,406),(321,321),(310,305),(317,325),(313,339),(316,323),(309,356),(315,322),(306,308),(307,332),(305,304),(296,294),(298,303),(290,290),(300,331),(289,286),(283,297),(280,280),(278,293),(286,338),(276,282),(275,289),(271,272),(269,288),(263,274),(266,317),(270,371),(262,264),(261,285),(258,256),(255,260),(252,415),(254,310),(253,244),(246,295),(249,273),(250,243),(247,245),(242,239),(245,252),(240,234),(237,361),(239,250),(236,236),(234,411),(235,302),(233,240),(238,232),(227,228),(226,237),(222,216),(221,238),(216,312),(219,267),(220,220),(217,233),(215,214),(211,221),(214,355),(213,311),(210,213),(201,352),(209,223),(205,210),(202,335),(197,195),(194,313),(196,217),(192,197),(189,229),(191,307),(188,200),(187,184),(182,299),(179,378),(186,192),(180,179),(178,196),(181,251),(177,178),(174,215),(171,315),(175,175),(168,172),(170,193),(167,173),(158,154),(156,164),(159,186),(153,151),(152,183),(155,283),(151,152),(148,163),(146,145),(154,261),(145,144),(141,153),(138,230),(140,176),(137,141),(136,201),(139,357),(135,159),(133,136),(130,358),(132,169),(129,150),(128,132),(150,146),(123,124),(119,134),(131,383),(120,155),(118,116),(126,365),(117,114),(116,127),(108,109),(109,222),(107,108),(100,103),(99,104),(104,126),(96,94),(91,90),(102,375),(93,142),(89,113),(94,255),(88,93),(86,296),(87,160),(85,85),(82,115),(83,82),(76,86),(81,117),(79,102),(84,137),(74,74),(77,112),(70,71),(71,119),(68,70),(67,84),(72,185),(66,66),(63,95),(65,224),(62,64),(58,62),(56,56),(57,79),(50,48),(54,118),(48,47),(43,83),(32,161),(47,54),(46,44),(39,45),(44,72),(36,33),(22,402),(35,55),(31,30),(20,373),(30,57),(29,42),(21,37),(23,61),(26,92),(19,23),(27,147),(18,11),(13,65),(16,29),(15,12),(8,17),(17,199),(9,38),(7,22),(14,271),(6,10),(5,81),(3,18),(4,128);
(5,6),(3,2),(2,4),(1,419),(419,418),(418,1),(4,3),(18,7),(70,5),(7,8),(61,11),(156,15),(13,9),(52,55),(14,10),(17,12),(48,19),(22,18),(53,20),(139,17),(25,21),(104,27),(75,25),(37,23),(32,30),(129,29),(36,31),(38,38),(93,34),(45,39),(142,42),(190,43),(44,40),(47,47),(69,49),(356,35),(49,50),(138,52),(67,51),(56,53),(68,60),(128,63),(369,67),(66,62),(76,71),(134,74),(86,72),(79,75),(85,80),(105,77),(84,81),(125,84),(109,83),(92,82),(80,85),(118,90),(319,70),(110,91),(94,88),(107,98),(164,100),(280,97),(132,101),(106,99),(100,104),(189,107),(121,105),(114,110),(347,114),(229,112),(116,111),(115,115),(126,120),(293,137),(135,121),(124,127),(207,133),(131,128),(150,136),(163,138),(152,139),(273,141),(410,140),(151,142),(218,143),(373,149),(266,146),(146,151),(154,152),(168,154),(158,160),(339,168),(360,169),(166,161),(203,171),(176,164),(187,172),(178,173),(237,186),(181,175),(208,183),(188,178),(186,191),(275,184),(199,190),(217,192),(402,176),(194,194),(198,199),(227,198),(205,201),(404,197),(255,200),(204,202),(300,205),(235,203),(212,207),(213,217),(215,212),(216,213),(305,220),(241,215),(223,222),(251,227),(226,228),(271,234),(298,232),(258,235),(415,267),(238,231),(246,240),(277,248),(248,242),(244,244),(243,250),(256,253),(315,247),(249,254),(287,257),(254,255),(268,260),(283,264),(264,259),(278,272),(338,269),(299,271),(276,274),(274,276),(291,278),(309,277),(361,273),(284,279),(301,284),(286,285),(387,294),(330,289),(297,291),(328,292),(318,293),(303,301),(337,308),(304,302),(321,311),(412,299),(314,312),(405,320),(325,313),(320,322),(411,321),(327,323),(348,325),(326,324),(334,329),(352,333),(371,326),(336,339),(379,337),(342,340),(388,343),(353,341),(346,342),(351,351),(363,352),(398,345),(354,354),(368,364),(393,370),(376,371),(395,377),(374,372),(381,381),(413,391),(384,382),(397,390),(383,384),(394,393),(400,392),(399,401),(409,394),(401,400),(406,404),(403,406),(414,410),(408,395),(417,417),(214,414),(416,416),(407,408),(391,402),(396,398),(392,396),(390,405),(389,389),(386,403),(382,388),(385,407),(380,386),(377,378),(378,385),(364,362),(372,387),(375,397),(367,374),(370,415),(366,369),(362,360),(359,368),(358,365),(365,413),(357,361),(350,355),(345,353),(355,356),(344,344),(341,349),(349,375),(340,346),(333,334),(343,380),(332,330),(335,383),(331,331),(324,327),(329,338),(322,328),(317,314),(323,348),(316,315),(313,336),(312,316),(307,409),(310,350),(311,307),(306,318),(302,296),(296,310),(308,347),(294,306),(295,287),(292,298),(290,288),(282,363),(289,297),(285,286),(279,295),(288,281),(272,282),(281,359),(270,265),(257,366),(265,303),(267,268),(263,275),(260,305),(262,266),(259,290),(261,261),(253,262),(252,258),(247,252),(250,335),(242,238),(245,280),(240,236),(230,412),(239,249),(234,230),(236,300),(233,229),(228,283),(232,237),(225,241),(231,358),(224,223),(221,263),(219,373),(220,309),(222,214),(211,219),(210,204),(206,270),(209,216),(202,208),(195,233),(201,210),(197,225),(200,206),(193,218),(196,379),(192,193),(184,411),(191,196),(183,189),(185,332),(182,182),(177,211),(180,179),(175,181),(179,399),(174,174),(173,166),(170,239),(172,188),(171,163),(160,170),(162,185),(169,243),(159,162),(165,226),(157,157),(148,195),(155,165),(147,153),(149,177),(145,156),(161,367),(144,148),(167,150),(269,145),(153,144),(137,131),(143,187),(140,167),(136,134),(133,129),(127,158),(130,130),(123,132),(141,376),(122,119),(113,246),(120,147),(112,251),(119,159),(117,116),(108,118),(111,108),(101,106),(103,123),(102,117),(99,103),(95,124),(97,113),(96,94),(91,109),(98,304),(90,87),(87,180),(89,89),(83,96),(88,245),(82,86),(81,122),(78,78),(73,155),(74,135),(77,92),(72,68),(65,319),(71,79),(64,59),(62,93),(63,65),(60,66),(55,126),(59,61),(50,56),(54,95),(51,69),(43,58),(57,209),(42,48),(40,102),(41,64),(39,46),(35,57),(58,357),(34,44),(46,221),(33,36),(30,32),(31,317),(29,28),(26,54),(28,33),(24,26),(27,256),(23,22),(21,41),(20,24),(16,224),(19,73),(15,16),(11,45),(12,125),(10,37),(9,14),(6,13),(8,76);
(366,1),(2,3),(9,6),(318,5),(4,7),(36,11),(117,8),(11,13),(29,14),(23,19),(66,21),(392,15),(362,16),(25,22),(289,27),(60,23),(26,24),(37,29),(183,31),(45,30),(34,32),(380,35),(116,33),(32,37),(243,40),(43,38),(33,39),(56,51),(249,45),(337,42),(191,47),(61,53),(68,64),(121,55),(65,65),(212,68),(91,66),(84,70),(326,72),(123,71),(76,73),(449,78),(126,74),(78,75),(98,84),(90,87),(186,89),(105,88),(101,91),(467,86),(175,90),(92,93),(262,95),(427,94),(114,96),(100,102),(150,103),(411,98),(99,104),(385,109),(115,105),(107,112),(130,120),(142,118),(177,116),(124,121),(120,126),(146,131),(381,110),(137,132),(163,135),(238,137),(399,139),(140,136),(153,147),(164,140),(149,151),(313,149),(155,152),(184,158),(250,157),(312,155),(193,159),(161,156),(204,167),(308,171),(252,169),(172,166),(176,175),(185,174),(189,181),(188,183),(283,177),(181,184),(199,191),(196,192),(202,200),(219,198),(205,203),(261,206),(207,204),(230,208),(316,209),(415,207),(218,211),(241,213),(217,214),(386,222),(235,215),(317,223),(255,217),(220,218),(228,221),(233,229),(247,232),(234,231),(194,194),(236,235),(231,234),(244,238),(251,243),(454,219),(268,241),(279,240),(242,244),(266,246),(360,237),(248,248),(329,261),(260,250),(257,264),(303,265),(361,262),(265,267),(305,269),(323,268),(274,272),(463,275),(335,273),(280,274),(275,277),(444,295),(284,278),(301,286),(291,285),(292,291),(315,301),(293,292),(304,302),(347,306),(375,317),(356,310),(314,304),(322,319),(324,318),(382,328),(325,320),(332,330),(350,333),(379,331),(451,326),(336,334),(460,337),(349,335),(340,339),(371,343),(466,340),(348,344),(351,349),(438,358),(359,350),(365,362),(372,361),(383,363),(370,367),(378,376),(367,370),(389,385),(407,387),(419,386),(394,389),(368,371),(396,393),(409,399),(417,398),(408,405),(445,407),(423,406),(410,409),(431,411),(412,410),(418,417),(420,414),(426,425),(439,424),(432,429),(436,434),(441,437),(443,415),(442,443),(453,459),(448,447),(452,446),(450,448),(458,455),(455,416),(465,457),(459,435),(464,467),(447,462),(462,466),(461,452),(457,461),(437,458),(456,460),(425,450),(446,456),(440,440),(435,444),(434,436),(433,445),(430,430),(429,427),(421,453),(428,428),(422,426),(416,421),(414,418),(424,422),(413,413),(402,401),(406,412),(404,423),(405,438),(401,397),(403,439),(398,396),(400,441),(397,394),(390,400),(393,420),(395,433),(388,388),(391,431),(384,384),(377,380),(387,442),(376,378),(373,391),(369,372),(364,381),(363,369),(374,365),(358,360),(355,403),(357,366),(353,351),(354,383),(352,352),(345,368),(342,463),(344,395),(343,419),(346,342),(334,359),(341,348),(338,336),(333,353),(339,432),(331,329),(327,382),(330,332),(321,321),(328,402),(320,316),(319,324),(311,303),(298,390),(310,309),(287,449),(309,315),(306,323),(307,305),(302,307),(300,300),(295,392),(299,313),(297,298),(294,296),(296,314),(290,281),(288,288),(285,290),(286,297),(282,280),(276,404),(281,293),(278,283),(273,327),(277,287),(270,271),(272,465),(271,373),(269,270),(264,282),(267,355),(263,266),(258,279),(259,308),(256,259),(254,254),(246,311),(253,252),(240,245),(245,312),(239,242),(232,236),(237,247),(227,230),(226,255),(229,346),(225,225),(223,256),(224,364),(222,224),(216,408),(221,253),(215,216),(213,239),(211,258),(214,377),(210,226),(209,210),(200,205),(208,379),(206,338),(203,276),(201,227),(198,202),(195,195),(192,199),(197,228),(190,190),(182,186),(187,212),(180,180),(178,178),(179,188),(174,172),(171,375),(173,201),(170,160),(162,345),(169,182),(168,162),(167,168),(166,197),(165,170),(160,163),(158,356),(159,249),(157,154),(154,164),(156,187),(152,153),(148,322),(151,185),(147,150),(145,141),(144,146),(132,347),(141,196),(143,142),(138,173),(139,161),(136,145),(133,294),(135,193),(134,138),(129,134),(122,179),(127,143),(128,128),(119,133),(131,354),(118,117),(113,124),(125,251),(112,114),(110,119),(106,257),(109,123),(104,106),(103,144),(111,454),(102,107),(97,127),(108,464),(96,97),(93,122),(94,99),(89,115),(95,341),(88,80),(87,101),(86,79),(82,374),(85,148),(81,83),(83,284),(80,77),(67,451),(79,100),(75,165),(71,233),(77,130),(74,69),(73,108),(70,76),(64,63),(69,82),(62,60),(59,67),(72,299),(58,56),(54,357),(57,129),(55,54),(63,59),(52,52),(51,113),(53,220),(50,61),(49,50),(47,85),(48,176),(46,46),(41,57),(44,260),(40,43),(39,92),(38,44),(35,49),(31,36),(42,325),(30,28),(28,34),(24,263),(27,81),(22,17),(16,289),(21,62),(20,20),(17,111),(19,48),(14,25),(15,18),(10,12),(12,41),(8,10),(13,125),(7,9),(5,26),(18,189),(3,4),(6,58),(1,2);
(3,4),(7,33),(2,2),(1,466),(467,467),(466,1),(4,3),(57,7),(6,5),(10,8),(150,10),(11,9),(28,11),(16,12),(320,19),(19,13),(44,21),(54,23),(95,26),(156,25),(65,27),(20,16),(37,29),(61,30),(396,18),(36,31),(385,35),(49,32),(45,39),(398,37),(38,40),(47,60),(46,42),(48,53),(59,45),(268,49),(443,52),(90,46),(55,51),(88,50),(50,54),(77,59),(64,63),(74,64),(85,69),(255,67),(381,65),(68,70),(390,73),(86,71),(75,77),(87,79),(94,80),(131,81),(417,75),(84,82),(122,85),(460,78),(79,86),(455,91),(121,87),(103,92),(93,93),(368,101),(293,99),(125,94),(109,97),(325,114),(96,96),(108,107),(116,100),(117,110),(176,118),(118,111),(149,119),(383,113),(113,120),(317,130),(126,121),(133,127),(315,132),(201,129),(134,128),(168,135),(422,143),(136,134),(138,139),(144,141),(143,144),(165,140),(141,145),(186,147),(247,142),(171,153),(197,152),(183,155),(323,159),(189,156),(152,150),(163,163),(370,158),(158,164),(179,170),(172,174),(386,167),(203,173),(185,177),(261,181),(191,178),(182,186),(251,184),(187,187),(188,189),(200,194),(217,199),(271,191),(212,200),(248,202),(206,203),(288,212),(235,207),(218,209),(221,217),(228,225),(257,226),(400,198),(311,216),(236,230),(266,228),(231,232),(289,235),(351,231),(259,237),(246,240),(299,243),(463,251),(254,241),(267,250),(253,249),(285,263),(264,254),(265,267),(282,264),(275,274),(300,266),(274,275),(347,272),(278,276),(308,277),(287,278),(279,281),(307,287),(346,280),(297,289),(329,290),(410,282),(321,291),(411,288),(294,292),(316,300),(395,295),(309,301),(306,305),(327,322),(355,320),(428,310),(326,324),(373,334),(340,327),(357,337),(348,332),(337,333),(338,340),(367,342),(342,341),(354,354),(369,352),(389,345),(358,356),(377,361),(447,369),(394,363),(366,362),(376,375),(459,389),(378,376),(393,384),(388,386),(412,397),(446,387),(402,400),(429,412),(405,403),(413,408),(408,405),(421,413),(457,411),(416,414),(445,418),(419,417),(453,428),(425,419),(436,434),(449,440),(462,442),(442,439),(448,444),(454,452),(458,454),(465,465),(420,462),(464,464),(438,459),(461,463),(452,450),(456,456),(450,458),(451,451),(444,441),(441,449),(440,437),(437,453),(439,438),(434,445),(432,436),(433,432),(384,382),(430,430),(426,431),(435,457),(424,426),(431,448),(423,425),(418,429),(414,420),(427,427),(409,410),(415,423),(406,407),(404,409),(401,404),(407,415),(399,402),(403,421),(397,396),(387,393),(392,392),(382,381),(391,406),(380,380),(375,388),(379,378),(372,374),(374,443),(371,377),(363,370),(364,364),(362,368),(361,373),(365,446),(360,357),(353,359),(356,385),(352,358),(349,365),(350,350),(345,348),(359,455),(344,346),(341,383),(343,344),(336,360),(339,347),(334,330),(333,367),(335,447),(332,329),(324,416),(328,372),(331,326),(322,351),(319,319),(304,395),(314,343),(318,318),(312,312),(313,331),(310,314),(305,306),(296,366),(302,325),(303,308),(291,339),(301,313),(298,298),(292,317),(290,302),(295,296),(286,286),(330,328),(284,284),(280,293),(281,304),(277,279),(276,315),(283,422),(273,270),(269,394),(272,273),(270,299),(263,255),(245,461),(262,261),(258,283),(260,256),(252,265),(256,259),(249,242),(250,257),(244,234),(241,303),(243,247),(240,238),(237,297),(238,236),(233,248),(239,349),(242,401),(232,233),(230,294),(234,398),(229,269),(227,244),(224,221),(226,399),(225,311),(223,220),(219,246),(220,222),(216,211),(215,229),(222,390),(214,210),(211,335),(213,204),(207,214),(210,285),(208,316),(209,262),(205,196),(198,208),(202,215),(195,206),(204,268),(193,193),(194,213),(192,195),(199,260),(190,192),(184,188),(180,205),(181,239),(178,175),(175,435),(177,252),(174,176),(173,185),(170,172),(167,258),(169,179),(164,166),(162,201),(166,353),(161,165),(159,224),(160,168),(155,161),(157,253),(154,154),(147,271),(153,162),(151,169),(146,157),(145,227),(148,307),(142,149),(196,148),(139,146),(140,160),(135,171),(132,223),(120,424),(137,137),(130,125),(129,133),(127,180),(124,338),(128,123),(123,126),(115,136),(119,379),(114,138),(112,106),(110,355),(111,105),(107,108),(104,391),(106,122),(105,116),(102,102),(100,245),(99,371),(101,115),(98,104),(92,124),(97,460),(91,89),(82,182),(89,109),(83,88),(80,131),(78,197),(81,95),(73,76),(76,151),(71,72),(69,219),(70,84),(67,74),(66,66),(63,83),(72,321),(62,57),(53,218),(60,90),(56,56),(52,58),(58,98),(51,55),(42,68),(41,47),(40,112),(43,323),(39,48),(34,34),(33,44),(31,190),(32,103),(30,36),(27,62),(35,336),(26,28),(25,24),(23,61),(24,183),(22,22),(18,117),(21,43),(17,20),(15,41),(29,433),(14,14),(5,6),(13,17),(9,38),(12,309),(8,15);
(58,1),(3,3),(242,14),(355,19),(12,4),(17,5),(43,11),(22,7),(13,12),(50,15),(216,13),(20,16),(348,25),(53,17),(26,22),(63,21),(29,23),(32,27),(49,30),(37,31),(75,33),(439,24),(36,34),(282,43),(38,35),(131,45),(65,38),(44,39),(55,46),(48,47),(61,52),(284,48),(118,51),(57,55),(387,62),(97,56),(60,58),(127,71),(68,63),(205,84),(69,64),(81,78),(114,79),(122,72),(111,82),(95,91),(121,88),(197,83),(113,89),(96,93),(471,95),(277,94),(98,96),(176,176),(100,98),(115,99),(163,105),(458,100),(109,106),(189,110),(112,107),(123,113),(193,111),(116,114),(467,129),(125,115),(199,123),(186,122),(145,118),(130,126),(234,131),(520,135),(149,130),(140,138),(391,145),(171,139),(147,146),(444,149),(179,147),(152,150),(363,154),(162,151),(264,157),(319,159),(206,155),(154,152),(170,165),(452,169),(201,166),(406,170),(202,167),(191,171),(178,177),(252,194),(188,181),(259,196),(196,183),(194,191),(207,199),(235,198),(195,200),(262,209),(200,201),(221,214),(318,212),(273,213),(227,215),(218,217),(265,223),(220,219),(233,229),(462,195),(260,225),(237,230),(229,232),(258,237),(383,228),(245,238),(257,251),(308,244),(269,250),(317,243),(249,254),(418,257),(279,255),(251,258),(416,262),(261,259),(270,263),(255,264),(340,270),(495,278),(281,267),(272,274),(271,281),(354,287),(376,283),(359,289),(316,285),(371,291),(276,282),(301,293),(408,303),(311,294),(298,297),(309,298),(300,301),(389,304),(327,302),(304,305),(449,323),(312,306),(325,312),(324,318),(511,338),(331,319),(350,328),(330,322),(337,334),(368,337),(343,339),(380,353),(345,340),(365,354),(356,349),(367,359),(459,341),(362,360),(369,361),(499,375),(378,362),(364,365),(519,378),(373,366),(412,371),(370,367),(377,373),(415,372),(379,374),(395,379),(388,382),(411,386),(465,384),(386,387),(405,393),(469,390),(396,394),(409,398),(435,407),(400,396),(413,408),(447,423),(419,413),(404,402),(420,421),(510,428),(426,422),(433,432),(443,431),(454,425),(436,436),(461,437),(487,427),(456,439),(438,438),(451,445),(450,448),(512,457),(455,449),(473,456),(460,454),(474,463),(494,465),(464,464),(481,471),(476,474),(501,487),(492,486),(497,485),(482,478),(490,493),(507,484),(500,496),(508,501),(506,504),(513,498),(517,495),(505,506),(516,515),(514,512),(521,520),(493,514),(518,518),(509,516),(515,517),(504,505),(496,508),(502,502),(498,500),(503,489),(491,494),(483,513),(488,499),(486,490),(489,492),(484,483),(485,503),(480,477),(479,511),(470,482),(478,507),(477,476),(472,472),(475,491),(468,466),(457,469),(466,458),(463,460),(448,452),(453,473),(446,444),(441,446),(445,481),(440,440),(437,451),(442,479),(434,435),(431,442),(432,510),(430,430),(429,453),(427,434),(428,450),(425,424),(423,433),(424,462),(421,441),(422,426),(417,418),(393,443),(414,420),(403,412),(410,410),(401,401),(407,406),(392,392),(402,404),(394,409),(398,400),(385,389),(397,416),(384,388),(381,405),(382,380),(375,385),(399,470),(374,383),(366,376),(390,381),(360,364),(372,419),(358,355),(353,368),(361,519),(352,350),(347,356),(349,377),(351,403),(346,345),(342,344),(344,509),(341,347),(338,370),(339,343),(335,336),(336,497),(334,335),(332,415),(333,332),(329,329),(323,342),(328,397),(322,333),(326,326),(357,351),(320,320),(315,317),(321,467),(314,311),(305,429),(313,324),(310,310),(299,369),(307,325),(303,309),(306,327),(302,308),(296,295),(297,417),(295,292),(292,300),(294,316),(290,290),(289,321),(293,468),(288,288),(286,331),(285,286),(283,330),(291,455),(280,284),(275,346),(278,299),(268,276),(287,480),(267,269),(266,280),(263,273),(256,268),(274,348),(254,260),(253,265),(239,313),(250,272),(248,248),(247,266),(244,246),(246,275),(241,241),(238,279),(240,242),(230,261),(236,249),(243,236),(232,234),(226,235),(225,252),(228,358),(231,459),(224,224),(219,296),(222,247),(223,233),(215,222),(217,239),(213,216),(212,271),(214,395),(211,211),(208,231),(204,245),(209,207),(198,204),(203,221),(192,197),(210,315),(190,184),(185,205),(187,190),(184,180),(181,447),(182,357),(183,189),(180,178),(175,187),(174,208),(177,411),(173,174),(168,172),(169,193),(166,168),(165,203),(172,521),(164,164),(161,192),(167,475),(160,161),(158,240),(159,352),(157,162),(155,156),(153,179),(156,220),(151,153),(141,488),(150,185),(148,148),(146,175),(144,144),(143,163),(139,142),(142,363),(138,140),(136,173),(135,227),(137,461),(134,134),(124,414),(133,160),(132,132),(128,127),(126,128),(129,133),(120,120),(108,391),(119,136),(110,112),(117,121),(107,108),(106,141),(105,104),(103,117),(102,137),(104,206),(101,103),(92,87),(94,210),(99,143),(93,226),(91,86),(89,186),(90,307),(88,90),(84,399),(87,158),(85,218),(86,102),(83,85),(79,314),(80,256),(82,97),(78,80),(74,101),(77,75),(71,73),(73,182),(70,69),(67,74),(76,277),(66,66),(52,119),(59,92),(64,68),(56,59),(62,76),(54,54),(47,50),(51,125),(46,49),(45,57),(42,44),(39,116),(41,53),(34,40),(40,81),(33,36),(31,61),(35,188),(30,32),(72,70),(28,28),(25,42),(27,109),(24,29),(18,253),(23,65),(21,18),(15,26),(19,67),(16,37),(10,6),(11,20),(9,41),(14,124),(7,9),(8,60),(6,8),(4,77),(2,202),(5,10),(1,2);
(2,494),(6,451),(3,495),(5,520),(520,521),(521,4),(488,10),(511,3),(379,1),(4,2),(55,22),(56,9),(75,50),(129,141),(66,35),(92,85),(71,45),(76,64),(62,25),(13,6),(22,29),(43,54),(58,37),(30,24),(63,34),(53,56),(82,70),(34,109),(68,98),(59,99),(67,94),(51,103),(72,83),(110,117),(85,95),(103,123),(111,136),(78,89),(60,114),(89,125),(80,112),(96,115),(87,128),(65,116),(39,127),(28,119),(50,145),(86,155),(106,146),(145,143),(104,147),(117,152),(125,159),(133,161),(114,158),(119,154),(108,149),(101,160),(120,167),(157,162),(134,120),(146,139),(149,126),(139,105),(156,132),(118,41),(138,88),(148,111),(112,16),(99,27),(95,40),(98,26),(81,28),(107,63),(141,102),(94,49),(105,65),(123,121),(122,106),(128,133),(127,97),(131,137),(126,131),(109,79),(115,104),(102,72),(100,60),(90,59),(97,58),(84,51),(91,43),(74,19),(79,11),(124,14),(93,12),(83,23),(113,15),(143,96),(137,39),(130,38),(121,18),(132,33),(136,8),(140,42),(135,20),(142,86),(150,113),(153,57),(144,13),(158,73),(160,32),(161,7),(159,66),(166,71),(165,17),(192,177),(167,30),(172,134),(168,68),(163,81),(154,69),(152,90),(155,129),(164,124),(151,140),(162,170),(147,165),(116,168),(88,157),(61,150),(40,142),(70,156),(49,151),(35,138),(18,153),(24,166),(31,163),(201,192),(177,213),(219,182),(204,183),(202,148),(209,179),(222,172),(214,205),(244,201),(268,200),(270,195),(231,185),(274,196),(269,203),(277,204),(306,194),(259,184),(236,171),(245,176),(281,175),(292,174),(276,178),(257,181),(304,190),(315,180),(323,169),(328,218),(325,189),(319,220),(324,186),(299,199),(320,191),(308,198),(239,215),(287,222),(261,219),(312,226),(305,251),(310,228),(295,274),(329,217),(298,269),(297,275),(317,245),(294,280),(290,287),(311,270),(302,278),(286,297),(303,322),(314,296),(307,313),(318,289),(337,336),(327,295),(322,279),(348,345),(326,291),(343,349),(316,294),(336,365),(385,350),(351,319),(399,360),(370,356),(338,367),(438,398),(465,402),(360,370),(383,377),(417,387),(378,373),(358,366),(365,368),(392,378),(367,361),(470,404),(476,409),(467,399),(433,375),(450,391),(437,383),(447,393),(420,369),(422,380),(403,334),(425,331),(446,330),(419,332),(440,333),(448,344),(477,338),(463,341),(483,347),(485,354),(501,359),(482,358),(478,348),(459,352),(464,364),(460,355),(443,351),(484,381),(431,343),(436,342),(456,353),(441,339),(407,335),(481,388),(480,392),(457,371),(418,346),(462,382),(426,357),(458,379),(408,340),(415,362),(449,385),(489,416),(475,433),(471,461),(486,443),(496,493),(499,506),(490,468),(494,510),(510,507),(513,503),(514,498),(504,505),(498,491),(500,492),(502,500),(507,497),(505,501),(519,496),(518,504),(516,513),(517,516),(512,515),(515,499),(509,519),(508,512),(503,517),(506,509),(497,511),(495,518),(492,502),(493,514),(487,449),(466,467),(473,444),(461,477),(472,480),(428,490),(432,487),(412,488),(354,474),(388,486),(491,508),(371,483),(344,469),(375,479),(335,462),(331,489),(332,457),(362,473),(397,482),(330,454),(395,481),(342,452),(411,465),(387,448),(352,450),(377,447),(393,442),(424,459),(391,440),(439,463),(410,435),(413,437),(434,456),(423,436),(445,472),(400,446),(384,445),(416,466),(357,455),(406,470),(442,478),(429,476),(366,460),(409,475),(359,458),(386,471),(364,464),(404,485),(454,484),(469,453),(479,411),(390,386),(452,413),(382,384),(353,374),(380,390),(455,418),(427,408),(474,427),(396,396),(372,389),(356,376),(341,372),(361,395),(389,400),(435,415),(414,417),(355,430),(453,424),(381,428),(451,423),(468,431),(402,434),(373,439),(401,438),(339,441),(444,429),(421,426),(333,432),(430,414),(405,412),(398,403),(376,419),(368,422),(394,405),(374,407),(350,397),(369,425),(347,394),(363,401),(334,363),(349,421),(321,314),(313,327),(300,329),(293,309),(258,320),(253,318),(272,303),(241,311),(252,325),(345,410),(340,406),(216,292),(233,306),(208,262),(234,208),(210,259),(221,284),(226,272),(229,298),(248,277),(237,240),(242,243),(247,257),(243,236),(250,260),(249,235),(251,281),(256,250),(260,283),(267,246),(265,276),(266,253),(263,288),(282,271),(285,254),(235,225),(278,249),(275,238),(254,234),(279,237),(283,248),(284,232),(289,261),(296,231),(291,255),(301,242),(271,300),(288,265),(264,290),(246,282),(240,305),(273,301),(280,312),(309,229),(232,214),(255,211),(262,202),(211,207),(203,230),(212,223),(218,212),(228,209),(225,210),(199,239),(206,221),(215,187),(188,206),(180,227),(186,247),(196,264),(184,233),(198,267),(238,328),(230,316),(223,326),(224,308),(183,244),(190,258),(179,241),(176,252),(191,268),(213,293),(189,266),(181,263),(220,321),(205,302),(187,273),(217,323),(227,337),(200,304),(197,324),(346,420),(182,315),(193,299),(207,307),(194,285),(175,256),(171,310),(185,286),(169,317),(178,224),(173,216),(195,197),(170,193),(174,188),(10,164),(7,173),(14,135),(25,130),(48,144),(27,118),(38,122),(47,107),(64,101),(32,110),(44,100),(77,74),(69,78),(54,84),(57,82),(73,67),(45,52),(46,61),(36,48),(52,91),(41,62),(17,21),(19,36),(42,87),(37,76),(23,53),(33,92),(26,77),(20,46),(12,47),(21,93),(29,108),(11,75),(8,55),(15,80),(9,31),(16,44),(1,5)